Name, Discomfort, Time, Precision, TargetIndex, Posture, AngleDis, InterDis, YAxisDis, HyperDis, ActualHandThumbIP, ActualHandThumbMP, ActualHandThumbTMCx, ActualHandThumbTMCy, ActualHandThumbTMCz, ActualHandThumbTMCw, ActualHandindexDIP, ActualHandindexPIP, ActualHandindexMCPx, ActualHandindexMCPy, ActualHandindexMCPz, ActualHandindexMCPw, ActualHandmiddleDIP, ActualHandmiddlePIP, ActualHandmiddleMCPx, ActualHandmiddleMCPy, ActualHandmiddleMCPz, ActualHandmiddleMCPw, ActualHandringDIP, ActualHandringPIP, ActualHandringMCPx, ActualHandringMCPy, ActualHandringMCPz, ActualHandringMCPw, ActualHandpinkyDIP, ActualHandpinkyPIP, ActualHandpinkyMCPx, ActualHandpinkyMCPy, ActualHandpinkyMCPz, ActualHandpinkyMCPw, ActualHandRotx, ActualHandRoty, ActualHandRotz, ActualHandRotw, ActualHandPosx, ActualHandPosy, ActualHandPosz, GivenHandThumbIP, GivenHandThumbMP, GivenHandThumbTMCx, GivenHandThumbTMCy, GivenHandThumbTMCz, GivenHandThumbTMCw, GivenHandindexDIP, GivenHandindexPIP, GivenHandindexMCPx, GivenHandindexMCPy, GivenHandindexMCPz, GivenHandindexMCPw, GivenHandmiddleDIP, GivenHandmiddlePIP, GivenHandmiddleMCPx, GivenHandmiddleMCPy, GivenHandmiddleMCPz, GivenHandmiddleMCPw, GivenHandringDIP, GivenHandringPIP, GivenHandringMCPx, GivenHandringMCPy, GivenHandringMCPz, GivenHandringMCPw, GivenHandpinkyDIP, GivenHandpinkyPIP, GivenHandpinkyMCPx, GivenHandpinkyMCPy, GivenHandpinkyMCPz, GivenHandpinkyMCPw, GivenHandRotx, GivenHandRoty, GivenHandRotz, GivenHandRotw, GivenHandPosx, GivenHandPosy, GivenHandPosz
TargetTest,428.3854,0.5660267,0.016969,1, flat,150.6012,425.1594,0,1.612976,10.16906,17.02939,-0.194788,0.2763193,0.2763193,0.8996405,4.217004,6.864957,-0.08932766,-0.08822418,-0.08822418,0.9881567,2.65203,6.719452,-0.06392396,-0.05980313,-0.05980313,0.9943646,2.964053,5.474322,-0.05539879,-0.01779984,-0.01779984,0.998147,4.380477,6.562768,-0.08814716,-0.01139021,-0.01139021,0.9959772,-0.111669,0.01405001,0.01405001,0.9935468,-0.03074366,-0.06737906,-0.06737906,18.93002,9.465008,0.05218953,0.1309491,0.1309491,-0.9813159,47.10575,58.88219,-0.01336631,0.02680947,0.02680947,0.9991916,14.34836,17.93546,0.292317,0,0,0.9563215,79.12291,98.90363,0.562999,-0.01108342,-0.01108342,0.8263089,10.7121,13.39013,0.1370237,-0.03981461,-0.03981461,0.9889662,0,0,0,1,0,0,0
TargetTest,428.3854,3.066627,0.1218066,2, flat,150.6012,425.1594,0,1.612976,8.922819,22.25236,-0.2261288,0.2620006,0.2620006,0.9008757,3.885444,5.408815,-0.05823008,-0.08054455,-0.08054455,0.9917834,1.844299,5.157917,-0.03163378,-0.04740769,-0.04740769,0.9972484,1.856567,5.080219,-0.02058417,-0.005375861,-0.005375861,0.9997593,3.739474,6.76773,-0.04991332,-0.000753922,-0.000753922,0.998753,-0.18019,0.1997846,0.1997846,0.9421804,-0.009560212,-0.06136361,-0.06136361,18.93002,9.465008,0.05218953,0.1309491,0.1309491,-0.9813159,47.10575,58.88219,-0.01336631,0.02680947,0.02680947,0.9991916,14.34836,17.93546,0.292317,0,0,0.9563215,79.12291,98.90363,0.562999,-0.01108342,-0.01108342,0.8263089,10.7121,13.39013,0.1370237,-0.03981461,-0.03981461,0.9889662,0,0,0,1,0,0,0
TargetTest,428.3854,5.196472,0.0365443,3, flat,150.6012,425.1594,0,1.612976,10.37828,11.12371,-0.1125954,0.318768,0.318768,0.8854921,1.623412,9.601975,0.03020315,-0.1059115,-0.1059115,0.9882577,2.209657,9.447394,0.01367044,-0.07665309,-0.07665309,0.994013,3.87818,7.277775,-0.007855556,-0.03408865,-0.03408865,0.9988064,6.625902,9.32443,-0.05524674,-0.02307646,-0.02307646,0.9979393,-0.01123016,-0.09348265,-0.09348265,0.9911588,-0.06958757,-0.07804473,-0.07804473,18.93002,9.465008,0.05218953,0.1309491,0.1309491,-0.9813159,47.10575,58.88219,-0.01336631,0.02680947,0.02680947,0.9991916,14.34836,17.93546,0.292317,0,0,0.9563215,79.12291,98.90363,0.562999,-0.01108342,-0.01108342,0.8263089,10.7121,13.39013,0.1370237,-0.03981461,-0.03981461,0.9889662,0,0,0,1,0,0,0
TargetTest,428.3854,6.584455,0.09941936,4, flat,150.6012,425.1594,0,1.612976,17.81994,14.47507,-0.2895577,0.2540834,0.2540834,0.8871525,5.22626,6.916507,-0.1268908,-0.07918007,-0.07918007,0.9855759,3.843794,9.222047,-0.0980664,-0.0563096,-0.0563096,0.9919887,4.220254,9.811834,-0.08825049,-0.01311581,-0.01311581,0.9959256,6.961171,11.68844,-0.1234,-0.01422946,-0.01422946,0.992153,0.04487719,0.2694658,0.2694658,0.9234514,-0.01559675,-0.07374023,-0.07374023,18.93002,9.465008,0.05218953,0.1309491,0.1309491,-0.9813159,47.10575,58.88219,-0.01336631,0.02680947,0.02680947,0.9991916,14.34836,17.93546,0.292317,0,0,0.9563215,79.12291,98.90363,0.562999,-0.01108342,-0.01108342,0.8263089,10.7121,13.39013,0.1370237,-0.03981461,-0.03981461,0.9889662,0,0,0,1,0,0,0
TargetTest,428.3854,8.132895,0.1209402,5, flat,150.6012,425.1594,0,1.612976,1.800159,22.50776,-0.1552109,0.2703475,0.2703475,0.9108974,2.652546,6.77141,0.003359537,-0.08592001,-0.08592001,0.9925846,0.8492672,5.339499,0.01983631,-0.06173578,-0.06173578,0.9959839,2.415246,4.545924,0.03584878,-0.01660835,-0.01660835,0.9990812,3.550162,5.903488,0.001503066,-0.000198582,-0.000198582,0.9999989,-0.1199063,-0.1634664,-0.1634664,0.9654947,-0.09303615,-0.06458691,-0.06458691,18.93002,9.465008,0.05218953,0.1309491,0.1309491,-0.9813159,47.10575,58.88219,-0.01336631,0.02680947,0.02680947,0.9991916,14.34836,17.93546,0.292317,0,0,0.9563215,79.12291,98.90363,0.562999,-0.01108342,-0.01108342,0.8263089,10.7121,13.39013,0.1370237,-0.03981461,-0.03981461,0.9889662,0,0,0,1,0,0,0
TargetTest,428.3854,9.965892,0.07923245,6, flat,150.6012,425.1594,0,1.612976,5.36436,26.54194,-0.2079433,0.2579603,0.2579603,0.9075641,4.466203,5.400222,-0.06617312,-0.07983681,-0.07983681,0.9913997,2.348271,6.114556,-0.04357877,-0.04992209,-0.04992209,0.9965523,2.096485,6.18599,-0.02854834,-0.008847065,-0.008847065,0.9995141,3.498384,7.567505,-0.05940174,-0.002491078,-0.002491078,0.998228,-0.04519501,0.2885808,0.2885808,0.9118112,-0.01818988,-0.05796139,-0.05796139,18.93002,9.465008,0.05218953,0.1309491,0.1309491,-0.9813159,47.10575,58.88219,-0.01336631,0.02680947,0.02680947,0.9991916,14.34836,17.93546,0.292317,0,0,0.9563215,79.12291,98.90363,0.562999,-0.01108342,-0.01108342,0.8263089,10.7121,13.39013,0.1370237,-0.03981461,-0.03981461,0.9889662,0,0,0,1,0,0,0
TargetTest,428.3854,11.83674,0.1080643,7, flat,150.6012,425.1594,0,1.612976,1.03571,28.26815,-0.2080012,0.26227,0.26227,0.905077,2.314353,5.585846,-0.02071544,-0.07626674,-0.07626674,0.9939505,0,4.605769,0.008374785,-0.04421818,-0.04421818,0.9980077,0,3.967238,0.01793823,-0.004119392,-0.004119392,0.9998221,1.155891,6.262438,-0.01763683,-0.000308615,-0.000308615,0.9998444,-0.1445853,0.280522,0.280522,0.9064822,-0.01271641,-0.05848169,-0.05848169,18.93002,9.465008,0.05218953,0.1309491,0.1309491,-0.9813159,47.10575,58.88219,-0.01336631,0.02680947,0.02680947,0.9991916,14.34836,17.93546,0.292317,0,0,0.9563215,79.12291,98.90363,0.562999,-0.01108342,-0.01108342,0.8263089,10.7121,13.39013,0.1370237,-0.03981461,-0.03981461,0.9889662,0,0,0,1,0,0,0
TargetTest,428.3854,13.59448,0.08584648,8, flat,150.6012,425.1594,0,1.612976,7.527125,23.31737,-0.1985697,0.2480645,0.2480645,0.9151492,2.499124,8.985157,-0.0791818,-0.09167362,-0.09167362,0.9883937,0.4379019,7.684442,-0.05483983,-0.05729283,-0.05729283,0.9952024,2.670345,5.735384,-0.04663439,-0.0110067,-0.0110067,0.9987907,1.960245,8.882657,-0.07641833,-0.005608562,-0.005608562,0.9970443,-0.07628371,0.1998541,0.1998541,0.9561891,-0.02157231,-0.06712642,-0.06712642,18.93002,9.465008,0.05218953,0.1309491,0.1309491,-0.9813159,47.10575,58.88219,-0.01336631,0.02680947,0.02680947,0.9991916,14.34836,17.93546,0.292317,0,0,0.9563215,79.12291,98.90363,0.562999,-0.01108342,-0.01108342,0.8263089,10.7121,13.39013,0.1370237,-0.03981461,-0.03981461,0.9889662,0,0,0,1,0,0,0
TargetTest,428.3854,15.46749,0.1308599,9, flat,150.6012,425.1594,0,1.612976,4.427176,18.15865,-0.1106514,0.2806317,0.2806317,0.9111794,5.439236,13.40388,-0.05100917,-0.1067298,-0.1067298,0.9872262,3.870953,13.2123,-0.03968175,-0.07553542,-0.07553542,0.9934859,4.543166,11.08498,-0.03284795,-0.02513187,-0.02513187,0.9988282,7.573389,12.90436,-0.0711263,-0.01320956,-0.01320956,0.9972924,-0.02016172,0.008721014,0.008721014,0.9997207,-0.04265712,-0.07465778,-0.07465778,18.93002,9.465008,0.05218953,0.1309491,0.1309491,-0.9813159,47.10575,58.88219,-0.01336631,0.02680947,0.02680947,0.9991916,14.34836,17.93546,0.292317,0,0,0.9563215,79.12291,98.90363,0.562999,-0.01108342,-0.01108342,0.8263089,10.7121,13.39013,0.1370237,-0.03981461,-0.03981461,0.9889662,0,0,0,1,0,0,0
TargetTest,428.3854,16.67519,0.1705324,10, flat,150.6012,425.1594,0,1.612976,10.17995,18.00523,-0.138822,0.2527881,0.2527881,0.9235393,6.756767,16.9301,-0.08776215,-0.1048597,-0.1048597,0.9850415,6.07938,17.11943,-0.0709994,-0.0677353,-0.0677353,0.992866,4.395474,13.6319,-0.06293732,-0.01740272,-0.01740272,0.997714,8.24455,15.52673,-0.09957328,-0.009854882,-0.009854882,0.9949327,-0.01437536,0.1143253,0.1143253,0.9867384,-0.02901271,-0.07337791,-0.07337791,18.93002,9.465008,0.05218953,0.1309491,0.1309491,-0.9813159,47.10575,58.88219,-0.01336631,0.02680947,0.02680947,0.9991916,14.34836,17.93546,0.292317,0,0,0.9563215,79.12291,98.90363,0.562999,-0.01108342,-0.01108342,0.8263089,10.7121,13.39013,0.1370237,-0.03981461,-0.03981461,0.9889662,0,0,0,1,0,0,0
TargetTest,428.3854,18.09443,0.1174134,11, flat,150.6012,425.1594,0,1.612976,11.3003,20.04627,-0.2031607,0.245146,0.245146,0.9157143,3.905953,6.796475,-0.07951215,-0.08722317,-0.08722317,0.9891724,2.738668,7.772637,-0.05879348,-0.05562784,-0.05562784,0.9951655,2.951013,6.984379,-0.04894242,-0.006729879,-0.006729879,0.9987563,5.530205,10.00984,-0.08518182,-0.007215144,-0.007215144,0.9963132,0.005490963,0.1962433,0.1962433,0.9607013,-0.01628807,-0.07454886,-0.07454886,18.93002,9.465008,0.05218953,0.1309491,0.1309491,-0.9813159,47.10575,58.88219,-0.01336631,0.02680947,0.02680947,0.9991916,14.34836,17.93546,0.292317,0,0,0.9563215,79.12291,98.90363,0.562999,-0.01108342,-0.01108342,0.8263089,10.7121,13.39013,0.1370237,-0.03981461,-0.03981461,0.9889662,0,0,0,1,0,0,0
TargetTest,428.3854,20.72878,0.05234799,12, flat,150.6012,425.1594,0,1.612976,2.205579,28.78014,-0.2049028,0.2479741,0.2479741,0.9138011,3.357014,4.886197,-0.005039377,-0.07239307,-0.07239307,0.9947327,1.273032,3.936217,0.02583401,-0.04756323,-0.04756323,0.9974007,2.038841,4.161748,0.04023077,-0.007465001,-0.007465001,0.9991347,3.195737,6.047891,0.004922088,0.002998411,0.002998411,0.9999789,-0.2161655,-0.07177592,-0.07177592,0.9710659,-0.05898675,-0.0562045,-0.0562045,18.93002,9.465008,0.05218953,0.1309491,0.1309491,-0.9813159,47.10575,58.88219,-0.01336631,0.02680947,0.02680947,0.9991916,14.34836,17.93546,0.292317,0,0,0.9563215,79.12291,98.90363,0.562999,-0.01108342,-0.01108342,0.8263089,10.7121,13.39013,0.1370237,-0.03981461,-0.03981461,0.9889662,0,0,0,1,0,0,0
TargetTest,428.3854,22.60438,0.1239565,13, flat,150.6012,425.1594,0,1.612976,0.7900625,16.71776,-0.08986611,0.3221058,0.3221058,0.8856748,1.417065,10.12059,0.02425808,-0.1033749,-0.1033749,0.9889585,3.351293,9.293246,0.01291233,-0.08549144,-0.08549144,0.9925804,4.927878,9.131488,0.02933771,-0.04150206,-0.04150206,0.9978449,5.603711,9.835573,-0.01338701,-0.01651547,-0.01651547,0.9996376,-0.03583344,-0.1920989,-0.1920989,0.9617235,-0.1107868,-0.07871822,-0.07871822,18.93002,9.465008,0.05218953,0.1309491,0.1309491,-0.9813159,47.10575,58.88219,-0.01336631,0.02680947,0.02680947,0.9991916,14.34836,17.93546,0.292317,0,0,0.9563215,79.12291,98.90363,0.562999,-0.01108342,-0.01108342,0.8263089,10.7121,13.39013,0.1370237,-0.03981461,-0.03981461,0.9889662,0,0,0,1,0,0,0
TargetTest,428.3854,25.38467,0.121456,14, flat,150.6012,425.1594,0,1.612976,4.853289,23.16528,-0.1901079,0.2719859,0.2719859,0.9032754,3.321955,5.056484,-0.02008415,-0.07613691,-0.07613691,0.9939834,2.044209,3.621906,0.003097818,-0.05879738,-0.05879738,0.9965321,2.613593,3.607986,0.02750626,-0.0226991,-0.0226991,0.999106,3.421595,5.295019,-0.00435751,-0.004497469,-0.004497469,0.9999703,-0.2061734,-0.1520871,-0.1520871,0.9545845,-0.1066662,-0.05181381,-0.05181381,18.93002,9.465008,0.05218953,0.1309491,0.1309491,-0.9813159,47.10575,58.88219,-0.01336631,0.02680947,0.02680947,0.9991916,14.34836,17.93546,0.292317,0,0,0.9563215,79.12291,98.90363,0.562999,-0.01108342,-0.01108342,0.8263089,10.7121,13.39013,0.1370237,-0.03981461,-0.03981461,0.9889662,0,0,0,1,0,0,0
TargetTest,428.3854,27.25867,0.06294705,15, flat,150.6012,425.1594,0,1.612976,8.218622,19.3997,-0.1818987,0.2690644,0.2690644,0.9067093,3.23289,7.268981,-0.009333844,-0.100157,-0.100157,0.9898738,1.631948,6.071152,0.006188713,-0.07287329,-0.07287329,0.9946561,3.474235,6.559181,0.01944757,-0.03071192,-0.03071192,0.998867,5.379207,8.041395,-0.0105647,-0.01282566,-0.01282566,0.9997797,-0.1281303,-0.0753327,-0.0753327,0.9860186,-0.09560405,-0.05685443,-0.05685443,18.93002,9.465008,0.05218953,0.1309491,0.1309491,-0.9813159,47.10575,58.88219,-0.01336631,0.02680947,0.02680947,0.9991916,14.34836,17.93546,0.292317,0,0,0.9563215,79.12291,98.90363,0.562999,-0.01108342,-0.01108342,0.8263089,10.7121,13.39013,0.1370237,-0.03981461,-0.03981461,0.9889662,0,0,0,1,0,0,0
TargetTest,428.3854,28.40921,0.1096631,16, flat,150.6012,425.1594,0,1.612976,5.133624,25.86611,-0.2176108,0.249392,0.249392,0.9100839,2.626145,4.562483,-0.01484531,-0.08265873,-0.08265873,0.9930331,0.3566318,3.543814,0.01641043,-0.05191614,-0.05191614,0.997166,2.140095,3.204669,0.02590577,-0.009627246,-0.009627246,0.9995717,3.519142,5.789669,-0.001401389,0.004556943,0.004556943,0.9999782,-0.2128969,0.04677834,0.04677834,0.9748325,-0.07399532,-0.04783696,-0.04783696,18.93002,9.465008,0.05218953,0.1309491,0.1309491,-0.9813159,47.10575,58.88219,-0.01336631,0.02680947,0.02680947,0.9991916,14.34836,17.93546,0.292317,0,0,0.9563215,79.12291,98.90363,0.562999,-0.01108342,-0.01108342,0.8263089,10.7121,13.39013,0.1370237,-0.03981461,-0.03981461,0.9889662,0,0,0,1,0,0,0
TargetTest,428.3854,30.42172,0.01170063,17, flat,150.6012,425.1594,0,1.612976,5.354012,25.27333,-0.2182609,0.2571966,0.2571966,0.9055728,3.466393,4.242702,-0.03306281,-0.08401537,-0.08401537,0.9923657,1.293768,3.440938,-0.004823606,-0.05791196,-0.05791196,0.9966289,1.552804,3.773668,0.01078727,-0.01307877,-0.01307877,0.9997708,3.2126,5.756328,-0.01589886,-0.004422639,-0.004422639,0.999854,-0.1714479,0.1483783,0.1483783,0.9625868,-0.05950638,-0.04497495,-0.04497495,18.93002,9.465008,0.05218953,0.1309491,0.1309491,-0.9813159,47.10575,58.88219,-0.01336631,0.02680947,0.02680947,0.9991916,14.34836,17.93546,0.292317,0,0,0.9563215,79.12291,98.90363,0.562999,-0.01108342,-0.01108342,0.8263089,10.7121,13.39013,0.1370237,-0.03981461,-0.03981461,0.9889662,0,0,0,1,0,0,0
TargetTest,428.3854,32.10025,0.09863632,18, flat,150.6012,425.1594,0,1.612976,11.27299,19.2092,-0.1857795,0.255576,0.255576,0.9137001,3.081784,7.945074,-0.06133987,-0.09597008,-0.09597008,0.9888463,1.278707,6.52032,-0.03636064,-0.06780393,-0.06780393,0.9947277,2.563,5.518534,-0.02457128,-0.02194279,-0.02194279,0.9992163,2.596009,8.618146,-0.05438515,-0.01347536,-0.01347536,0.9983382,-0.09589622,0.1180668,0.1180668,0.9812871,-0.0564396,-0.05270168,-0.05270168,18.93002,9.465008,0.05218953,0.1309491,0.1309491,-0.9813159,47.10575,58.88219,-0.01336631,0.02680947,0.02680947,0.9991916,14.34836,17.93546,0.292317,0,0,0.9563215,79.12291,98.90363,0.562999,-0.01108342,-0.01108342,0.8263089,10.7121,13.39013,0.1370237,-0.03981461,-0.03981461,0.9889662,0,0,0,1,0,0,0
uhsgsd,24.82815,7.996541,0.086546,16, flat,87.08726,24.82815,0,0,14.36222,7.5008,-0.06779014,0.300975,0.300975,0.9023484,9.230076,8.073143,-0.1464615,0.01450045,0.01450045,0.9890038,11.80066,10.71414,-0.1651018,-0.02303541,-0.02303541,0.9857384,12.2603,10.16173,-0.1780029,-0.09911783,-0.09911783,0.973995,11.80173,10.32602,-0.2036299,-0.1683282,-0.1683282,0.9496663,-0.006102449,0.2036778,0.2036778,0.9575977,-0.000986628,-0.1429259,-0.1429259,12.93317,6.466587,0.07227898,0.1212571,0.1212571,-0.982532,29.13672,36.4209,0.02051318,0.08376794,0.08376794,0.9927462,16.79365,20.99207,0.1616709,0,0,0.9868447,16.8409,21.05112,0.2353857,-0.04085942,-0.04085942,0.9701828,16.9294,21.16175,0.2021688,-0.1223686,-0.1223686,0.9639397,0,0,0,1,0,0,0
uhsgsd,24.82815,10.05852,0.09045121,8, flat,87.08726,24.82815,0,0,8.134846,18.15935,-0.1920998,0.2815648,0.2815648,0.8969617,9.033354,7.810022,-0.1181141,-0.01687657,-0.01687657,0.9927132,9.29944,9.472204,-0.1149181,-0.05175889,-0.05175889,0.9906744,9.632597,9.251598,-0.1163777,-0.07451461,-0.07451461,0.9875988,9.784663,10.51569,-0.1648295,-0.1489759,-0.1489759,0.9635578,-0.1420264,-0.07745351,-0.07745351,0.9837837,-0.03897719,-0.1158292,-0.1158292,12.93317,6.466587,0.07227898,0.1212571,0.1212571,-0.982532,29.13672,36.4209,0.02051318,0.08376794,0.08376794,0.9927462,16.79365,20.99207,0.1616709,0,0,0.9868447,16.8409,21.05112,0.2353857,-0.04085942,-0.04085942,0.9701828,16.9294,21.16175,0.2021688,-0.1223686,-0.1223686,0.9639397,0,0,0,1,0,0,0
uhsgsd,24.82815,11.77487,0.05930164,6, flat,87.08726,24.82815,0,0,3.7576,15.94794,-0.1184528,0.2933264,0.2933264,0.9021575,8.186908,6.922657,-0.1274469,-0.001210841,-0.001210841,0.9918439,8.126491,7.070604,-0.1255951,-0.03236991,-0.03236991,0.9910249,8.697052,7.722148,-0.1201834,-0.05242604,-0.05242604,0.9899793,9.041072,9.568607,-0.1444882,-0.1163315,-0.1163315,0.9757342,-0.1878527,0.1405614,0.1405614,0.9618713,-0.01038644,-0.09970447,-0.09970447,12.93317,6.466587,0.07227898,0.1212571,0.1212571,-0.982532,29.13672,36.4209,0.02051318,0.08376794,0.08376794,0.9927462,16.79365,20.99207,0.1616709,0,0,0.9868447,16.8409,21.05112,0.2353857,-0.04085942,-0.04085942,0.9701828,16.9294,21.16175,0.2021688,-0.1223686,-0.1223686,0.9639397,0,0,0,1,0,0,0
uhsgsd,24.82815,13.22717,0.1221996,15, flat,87.08726,24.82815,0,0,13.47828,10.98964,-0.1128217,0.2793563,0.2793563,0.911697,9.207438,6.579033,-0.2019738,-0.01278181,-0.01278181,0.9792241,10.41048,8.648746,-0.2050619,-0.03431267,-0.03431267,0.9775454,11.01814,8.825879,-0.2087996,-0.08010351,-0.08010351,0.9713751,10.92716,10.27399,-0.2392066,-0.1531263,-0.1531263,0.9465119,-0.01007298,0.1140242,0.1140242,0.9868615,-0.002889767,-0.1286467,-0.1286467,12.93317,6.466587,0.07227898,0.1212571,0.1212571,-0.982532,29.13672,36.4209,0.02051318,0.08376794,0.08376794,0.9927462,16.79365,20.99207,0.1616709,0,0,0.9868447,16.8409,21.05112,0.2353857,-0.04085942,-0.04085942,0.9701828,16.9294,21.16175,0.2021688,-0.1223686,-0.1223686,0.9639397,0,0,0,1,0,0,0
uhsgsd,24.82815,14.91419,0.1046008,5, flat,87.08726,24.82815,0,0,4.17481,19.16168,-0.1884474,0.2839685,0.2839685,0.8962206,5.805625,5.079834,-0.1250562,-0.011055,-0.011055,0.9920265,5.464325,4.839991,-0.1204566,-0.02653141,-0.02653141,0.9920093,6.493107,5.614891,-0.1223126,-0.036444,-0.036444,0.9911525,6.893497,7.20816,-0.156727,-0.08578295,-0.08578295,0.9801629,-0.1599324,0.2252312,0.2252312,0.9343252,0.01614723,-0.1058742,-0.1058742,12.93317,6.466587,0.07227898,0.1212571,0.1212571,-0.982532,29.13672,36.4209,0.02051318,0.08376794,0.08376794,0.9927462,16.79365,20.99207,0.1616709,0,0,0.9868447,16.8409,21.05112,0.2353857,-0.04085942,-0.04085942,0.9701828,16.9294,21.16175,0.2021688,-0.1223686,-0.1223686,0.9639397,0,0,0,1,0,0,0
uhsgsd,24.82815,17.33818,0.112802,2, flat,87.08726,24.82815,0,0,11.58896,17.87851,-0.2376485,0.2640481,0.2640481,0.8967053,8.697346,7.085708,-0.1530861,-0.02043718,-0.02043718,0.9877901,8.334372,8.95822,-0.1561331,-0.03530781,-0.03530781,0.9864731,9.307785,8.335456,-0.1678603,-0.05491193,-0.05491193,0.9827473,10.24834,10.25148,-0.2151202,-0.1138559,-0.1138559,0.9632222,-0.06774689,0.2050206,0.2050206,0.9546431,0.02318782,-0.1068769,-0.1068769,12.93317,6.466587,0.07227898,0.1212571,0.1212571,-0.982532,29.13672,36.4209,0.02051318,0.08376794,0.08376794,0.9927462,16.79365,20.99207,0.1616709,0,0,0.9868447,16.8409,21.05112,0.2353857,-0.04085942,-0.04085942,0.9701828,16.9294,21.16175,0.2021688,-0.1223686,-0.1223686,0.9639397,0,0,0,1,0,0,0
uhsgsd,24.82815,20.18677,0.1789221,9, flat,87.08726,24.82815,0,0,7.926968,18.45403,-0.2297558,0.268113,0.268113,0.8963498,6.570294,5.576892,-0.1024318,-0.0157261,-0.0157261,0.9944914,6.71034,6.033157,-0.09472451,-0.04747124,-0.04747124,0.9932373,7.321747,6.885868,-0.09674353,-0.05902252,-0.05902252,0.9918031,7.277128,8.742713,-0.1358294,-0.1247668,-0.1247668,0.9748933,-0.2220945,-0.1335512,-0.1335512,0.9565575,-0.07345657,-0.08146551,-0.08146551,12.93317,6.466587,0.07227898,0.1212571,0.1212571,-0.982532,29.13672,36.4209,0.02051318,0.08376794,0.08376794,0.9927462,16.79365,20.99207,0.1616709,0,0,0.9868447,16.8409,21.05112,0.2353857,-0.04085942,-0.04085942,0.9701828,16.9294,21.16175,0.2021688,-0.1223686,-0.1223686,0.9639397,0,0,0,1,0,0,0
uhsgsd,24.82815,22.07134,0.05336744,13, flat,87.08726,24.82815,0,0,20.51449,9.831654,-0.2387319,0.2695121,0.2695121,0.8931593,8.104744,7.673222,-0.1075097,-0.03789731,-0.03789731,0.9927584,9.533289,9.924302,-0.1103601,-0.07164063,-0.07164063,0.9887143,9.886682,7.722961,-0.1362117,-0.1177122,-0.1177122,0.9765931,9.714867,7.954877,-0.1913721,-0.175463,-0.175463,0.9496326,-0.0271693,-0.09522793,-0.09522793,0.9905176,-0.05550824,-0.1104709,-0.1104709,12.93317,6.466587,0.07227898,0.1212571,0.1212571,-0.982532,29.13672,36.4209,0.02051318,0.08376794,0.08376794,0.9927462,16.79365,20.99207,0.1616709,0,0,0.9868447,16.8409,21.05112,0.2353857,-0.04085942,-0.04085942,0.9701828,16.9294,21.16175,0.2021688,-0.1223686,-0.1223686,0.9639397,0,0,0,1,0,0,0
uhsgsd,24.82815,23.92869,0.1330912,17, flat,87.08726,24.82815,0,0,19.51335,11.86045,-0.2304398,0.2881768,0.2881768,0.8836322,8.589794,7.277263,-0.1185729,-0.03610439,-0.03610439,0.9916317,10.34916,11.0463,-0.1074913,-0.041074,-0.041074,0.9925077,10.67944,9.202463,-0.1119436,-0.1073769,-0.1073769,0.9820433,11.37376,9.935294,-0.1486689,-0.1507078,-0.1507078,0.9656458,0.01417686,0.2769143,0.2769143,0.9200196,0.01982597,-0.1171595,-0.1171595,12.93317,6.466587,0.07227898,0.1212571,0.1212571,-0.982532,29.13672,36.4209,0.02051318,0.08376794,0.08376794,0.9927462,16.79365,20.99207,0.1616709,0,0,0.9868447,16.8409,21.05112,0.2353857,-0.04085942,-0.04085942,0.9701828,16.9294,21.16175,0.2021688,-0.1223686,-0.1223686,0.9639397,0,0,0,1,0,0,0
uhsgsd,24.82815,26.63857,0.05914471,7, flat,87.08726,24.82815,0,0,9.110374,17.32974,-0.2375662,0.2762701,0.2762701,0.8893323,7.560707,6.971505,-0.09579376,-0.01931285,-0.01931285,0.9950264,7.622592,7.830528,-0.0962549,-0.04935014,-0.04935014,0.9929069,8.001724,7.765539,-0.106972,-0.0630827,-0.0630827,0.9902515,8.011655,9.108887,-0.1501421,-0.1150127,-0.1150127,0.9751931,-0.2103903,0.04002668,0.04002668,0.9759773,-0.02572918,-0.07691103,-0.07691103,12.93317,6.466587,0.07227898,0.1212571,0.1212571,-0.982532,29.13672,36.4209,0.02051318,0.08376794,0.08376794,0.9927462,16.79365,20.99207,0.1616709,0,0,0.9868447,16.8409,21.05112,0.2353857,-0.04085942,-0.04085942,0.9701828,16.9294,21.16175,0.2021688,-0.1223686,-0.1223686,0.9639397,0,0,0,1,0,0,0
uhsgsd,24.82815,28.90077,0.05646096,3, flat,87.08726,24.82815,0,0,16.41466,12.57791,-0.235608,0.2827201,0.2827201,0.8857921,7.905917,7.577379,-0.1360442,-0.02838517,-0.02838517,0.9898892,8.885708,9.553433,-0.1414166,-0.04214713,-0.04214713,0.9881542,9.559996,7.776198,-0.168139,-0.08239115,-0.08239115,0.9788527,9.767989,9.31821,-0.2177455,-0.121567,-0.121567,0.9607444,-0.05832174,0.2808519,0.2808519,0.9158838,0.01466347,-0.08651766,-0.08651766,12.93317,6.466587,0.07227898,0.1212571,0.1212571,-0.982532,29.13672,36.4209,0.02051318,0.08376794,0.08376794,0.9927462,16.79365,20.99207,0.1616709,0,0,0.9868447,16.8409,21.05112,0.2353857,-0.04085942,-0.04085942,0.9701828,16.9294,21.16175,0.2021688,-0.1223686,-0.1223686,0.9639397,0,0,0,1,0,0,0
uhsgsd,24.82815,31.62465,0.08921364,10, flat,87.08726,24.82815,0,0,6.884273,19.21265,-0.2214149,0.2678143,0.2678143,0.8986248,7.852255,7.544468,-0.09344059,-0.01270907,-0.01270907,0.9954627,7.678437,8.3039,-0.09206463,-0.04519238,-0.04519238,0.9936998,8.261132,8.501035,-0.1002696,-0.05735993,-0.05735993,0.991648,8.401347,9.82191,-0.1437028,-0.1210318,-0.1210318,0.9747062,-0.2233105,-0.05392127,-0.05392127,0.97176,-0.04034876,-0.07251504,-0.07251504,12.93317,6.466587,0.07227898,0.1212571,0.1212571,-0.982532,29.13672,36.4209,0.02051318,0.08376794,0.08376794,0.9927462,16.79365,20.99207,0.1616709,0,0,0.9868447,16.8409,21.05112,0.2353857,-0.04085942,-0.04085942,0.9701828,16.9294,21.16175,0.2021688,-0.1223686,-0.1223686,0.9639397,0,0,0,1,0,0,0
uhsgsd,24.82815,33.18477,0.06440079,0, flat,87.08726,24.82815,0,0,14.17588,15.63161,-0.2436082,0.2678079,0.2678079,0.8928678,9.467866,9.106038,-0.1177059,-0.03261124,-0.03261124,0.991977,10.64098,11.25587,-0.1159961,-0.06436999,-0.06436999,0.9890692,10.90571,10.20989,-0.1321208,-0.08786993,-0.08786993,0.9834134,10.90176,11.27861,-0.1839402,-0.1518168,-0.1518168,0.9592025,-0.1195754,0.02229195,0.02229195,0.9923245,-0.0251633,-0.082105,-0.082105,12.93317,6.466587,0.07227898,0.1212571,0.1212571,-0.982532,29.13672,36.4209,0.02051318,0.08376794,0.08376794,0.9927462,16.79365,20.99207,0.1616709,0,0,0.9868447,16.8409,21.05112,0.2353857,-0.04085942,-0.04085942,0.9701828,16.9294,21.16175,0.2021688,-0.1223686,-0.1223686,0.9639397,0,0,0,1,0,0,0
uhsgsd,24.82815,34.87226,0.08376416,14, flat,87.08726,24.82815,0,0,20.61941,11.21263,-0.252319,0.2722696,0.2722696,0.8877351,8.33204,7.427084,-0.1120514,-0.0401592,-0.0401592,0.9920781,10.54484,10.62053,-0.1123085,-0.07240444,-0.07240444,0.9883835,10.51573,8.852305,-0.1293851,-0.1142996,-0.1142996,0.9783306,10.65268,9.007411,-0.1812437,-0.1707999,-0.1707999,0.9533129,-0.01926562,0.007541826,0.007541826,0.9997575,-0.02194083,-0.0996272,-0.0996272,12.93317,6.466587,0.07227898,0.1212571,0.1212571,-0.982532,29.13672,36.4209,0.02051318,0.08376794,0.08376794,0.9927462,16.79365,20.99207,0.1616709,0,0,0.9868447,16.8409,21.05112,0.2353857,-0.04085942,-0.04085942,0.9701828,16.9294,21.16175,0.2021688,-0.1223686,-0.1223686,0.9639397,0,0,0,1,0,0,0
uhsgsd,24.82815,36.41375,0.0383471,12, flat,87.08726,24.82815,0,0,18.28924,9.490013,-0.2727177,0.272718,0.272718,0.8814051,7.879256,9.15384,-0.06415442,-0.02255615,-0.02255615,0.9974301,10.13264,11.48614,-0.07022206,-0.08213259,-0.08213259,0.9907458,10.11577,8.926914,-0.09574194,-0.1263627,-0.1263627,0.9792336,10.0164,8.819912,-0.147744,-0.2204214,-0.2204214,0.9386163,-0.04481322,-0.1870063,-0.1870063,0.9633531,-0.07611492,-0.1010739,-0.1010739,12.93317,6.466587,0.07227898,0.1212571,0.1212571,-0.982532,29.13672,36.4209,0.02051318,0.08376794,0.08376794,0.9927462,16.79365,20.99207,0.1616709,0,0,0.9868447,16.8409,21.05112,0.2353857,-0.04085942,-0.04085942,0.9701828,16.9294,21.16175,0.2021688,-0.1223686,-0.1223686,0.9639397,0,0,0,1,0,0,0
uhsgsd,24.82815,39.71419,0.01285696,1, flat,87.08726,24.82815,0,0,18.30859,14.45629,-0.2935289,0.2394877,0.2394877,0.8939419,9.308883,9.056272,-0.1262189,-0.03495625,-0.03495625,0.9907699,10.12811,11.20876,-0.1272797,-0.06292756,-0.06292756,0.9878665,10.35262,9.462404,-0.1519705,-0.09179453,-0.09179453,0.9798227,10.6512,10.57559,-0.2038949,-0.1454246,-0.1454246,0.9571469,-0.09058317,0.1277698,0.1277698,0.9793593,-0.03220321,-0.07768223,-0.07768223,12.93317,6.466587,0.07227898,0.1212571,0.1212571,-0.982532,29.13672,36.4209,0.02051318,0.08376794,0.08376794,0.9927462,16.79365,20.99207,0.1616709,0,0,0.9868447,16.8409,21.05112,0.2353857,-0.04085942,-0.04085942,0.9701828,16.9294,21.16175,0.2021688,-0.1223686,-0.1223686,0.9639397,0,0,0,1,0,0,0
uhsgsd,24.82815,41.29955,0.1053806,11, flat,87.08726,24.82815,0,0,10.68047,15.58982,-0.2839983,0.2628793,0.2628793,0.8838178,8.780066,8.920199,-0.08681894,-0.01402651,-0.01402651,0.9960266,9.454923,11.24759,-0.06778986,-0.07008006,-0.07008006,0.9927649,9.156931,8.831687,-0.08654533,-0.1016485,-0.1016485,0.985822,9.539575,9.564292,-0.1500647,-0.2042073,-0.2042073,0.9455577,-0.1247691,-0.17181,-0.17181,0.9619747,-0.07462052,-0.08500516,-0.08500516,12.93317,6.466587,0.07227898,0.1212571,0.1212571,-0.982532,29.13672,36.4209,0.02051318,0.08376794,0.08376794,0.9927462,16.79365,20.99207,0.1616709,0,0,0.9868447,16.8409,21.05112,0.2353857,-0.04085942,-0.04085942,0.9701828,16.9294,21.16175,0.2021688,-0.1223686,-0.1223686,0.9639397,0,0,0,1,0,0,0
letseee, 340.5545, 3.229777, 0.004564065, 14, flat, 187.028, 245.289, 47.63272, 0, 17.11822, 14.92056, 0.07797807, -0.2740977, -0.2740977, 0.9185099, 39.52083, 47.17506, -0.1193105, -0.005670805, -0.005670805, 0.9928246, 43.06004, 49.52842, -0.1182024, 0.07216177, 0.07216177, 0.9877316, 42.86055, 56.21988, -0.03062862, 0.09742928, 0.09742928, 0.9899884, 40.61393, 58.30438, 0.01968583, 0.2137128, 0.2137128, 0.95303, -0.004211219, -0.002792414, -0.002792414, 0.9999834, 0.02301914, -0.05004719, -0.05004719, 67.51658, 33.75829, -0.1473983, 0.2854404, 0.2854404, -0.9029515, 56.65784, 70.8223, 0.6824653, 0.05401032, 0.05401032, 0.7269161, 38.13842, 47.67303, 0.3342068, 0, 0, 0.9424998, 64.56844, 80.71054, 0.2942178, -0.03540841, -0.03540841, 0.9544257, 19.79562, 24.74453, 0.2492511, -0.1068569, -0.1068569, 0.9565758, 0, 0, 0, 1, 0, 0, 0
letseee, 340.5545, 8.050755, 0.04319923, 16, flat, 187.028, 245.289, 47.63272, 0, 4.868121, 9.222301, 0.06958085, -0.2817098, -0.2817098, 0.9145697, 38.87111, 45.98251, -0.02075816, 0.03102119, 0.03102119, 0.9988216, 41.77637, 51.76084, 0.0004149791, 0.08239759, 0.08239759, 0.9931874, 39.95787, 56.90187, 0.1071988, 0.08730859, 0.08730859, 0.9865409, 36.46656, 56.35148, 0.12435, 0.1788218, 0.1788218, 0.95947, -0.03868331, 0.1838984, 0.1838984, 0.9648142, 0.100629, -0.04276806, -0.04276806, 67.51658, 33.75829, -0.1473983, 0.2854404, 0.2854404, -0.9029515, 56.65784, 70.8223, 0.6824653, 0.05401032, 0.05401032, 0.7269161, 38.13842, 47.67303, 0.3342068, 0, 0, 0.9424998, 64.56844, 80.71054, 0.2942178, -0.03540841, -0.03540841, 0.9544257, 19.79562, 24.74453, 0.2492511, -0.1068569, -0.1068569, 0.9565758, 0, 0, 0, 1, 0, 0, 0
letseee, 340.5545, 10.88358, 0.05395636, 1, flat, 187.028, 245.289, 47.63272, 0, 5.300013, 9.635352, 0.07040664, -0.2309718, -0.2309718, 0.9425216, 43.30236, 48.85394, -0.1340244, 0.03255081, 0.03255081, 0.9899083, 49.3717, 52.32657, -0.1262097, 0.0915151, 0.0915151, 0.9835249, 45.52248, 61.28865, -0.01177698, 0.09886956, 0.09886956, 0.9901065, 42.25928, 63.37889, 0.01159991, 0.198526, 0.198526, 0.9597085, -0.1175179, 0.06926058, 0.06926058, 0.9882285, 0.06784849, -0.01566759, -0.01566759, 67.51658, 33.75829, -0.1473983, 0.2854404, 0.2854404, -0.9029515, 56.65784, 70.8223, 0.6824653, 0.05401032, 0.05401032, 0.7269161, 38.13842, 47.67303, 0.3342068, 0, 0, 0.9424998, 64.56844, 80.71054, 0.2942178, -0.03540841, -0.03540841, 0.9544257, 19.79562, 24.74453, 0.2492511, -0.1068569, -0.1068569, 0.9565758, 0, 0, 0, 1, 0, 0, 0
letseee, 340.5545, 16.28437, 0.09661093, 5, flat, 187.028, 245.289, 47.63272, 0, 10.58002, 17.53443, 0.09801847, -0.216153, -0.216153, 0.9470735, 39.50548, 43.79323, -0.1024393, 0.01363696, 0.01363696, 0.9945523, 42.40514, 45.30724, -0.1191475, 0.0726428, 0.0726428, 0.9875475, 46.29581, 58.7191, 0.009313644, 0.09621237, 0.09621237, 0.9906562, 42.80929, 61.90047, 0.007557004, 0.1939584, 0.1939584, 0.9616149, -0.2271222, 0.1198162, 0.1198162, 0.9590119, 0.09893552, -0.002520949, -0.002520949, 67.51658, 33.75829, -0.1473983, 0.2854404, 0.2854404, -0.9029515, 56.65784, 70.8223, 0.6824653, 0.05401032, 0.05401032, 0.7269161, 38.13842, 47.67303, 0.3342068, 0, 0, 0.9424998, 64.56844, 80.71054, 0.2942178, -0.03540841, -0.03540841, 0.9544257, 19.79562, 24.74453, 0.2492511, -0.1068569, -0.1068569, 0.9565758, 0, 0, 0, 1, 0, 0, 0
letseee, 340.5545, 18.75273, 0.05163709, 9, flat, 187.028, 245.289, 47.63272, 0, 23.31421, 31.64721, 0.04604022, -0.2890069, -0.2890069, 0.911499, 35.64325, 41.66509, -0.03646305, -0.02820531, -0.02820531, 0.9985387, 39.65296, 48.72437, 0.03988487, 0.02976412, 0.02976412, 0.9983173, 37.53299, 55.27303, 0.1544095, 0.06692812, 0.06692812, 0.9834628, 38.1825, 62.00351, 0.1925656, 0.1330953, 0.1330953, 0.9630627, -0.1306355, -0.2385243, -0.2385243, 0.9322804, -0.03434554, -0.04888663, -0.04888663, 67.51658, 33.75829, -0.1473983, 0.2854404, 0.2854404, -0.9029515, 56.65784, 70.8223, 0.6824653, 0.05401032, 0.05401032, 0.7269161, 38.13842, 47.67303, 0.3342068, 0, 0, 0.9424998, 64.56844, 80.71054, 0.2942178, -0.03540841, -0.03540841, 0.9544257, 19.79562, 24.74453, 0.2492511, -0.1068569, -0.1068569, 0.9565758, 0, 0, 0, 1, 0, 0, 0
letseee, 340.5545, 20.65849, 0.1811857, 11, flat, 187.028, 245.289, 47.63272, 0, 21.55151, 30.74656, 0.02563279, -0.2868826, -0.2868826, 0.9136409, 38.34523, 43.87475, -0.02785563, -0.02744799, -0.02744799, 0.998858, 41.40201, 50.03443, 0.04621034, 0.03182255, 0.03182255, 0.9979175, 39.0859, 55.22269, 0.1567516, 0.06781471, 0.06781471, 0.9829707, 37.89667, 61.62568, 0.198357, 0.1322065, 0.1322065, 0.9621317, -0.06857891, -0.2091598, -0.2091598, 0.9527861, -0.0417296, -0.0725297, -0.0725297, 67.51658, 33.75829, -0.1473983, 0.2854404, 0.2854404, -0.9029515, 56.65784, 70.8223, 0.6824653, 0.05401032, 0.05401032, 0.7269161, 38.13842, 47.67303, 0.3342068, 0, 0, 0.9424998, 64.56844, 80.71054, 0.2942178, -0.03540841, -0.03540841, 0.9544257, 19.79562, 24.74453, 0.2492511, -0.1068569, -0.1068569, 0.9565758, 0, 0, 0, 1, 0, 0, 0
letseee, 340.5545, 22.34818, 0.05054605, 8, flat, 187.028, 245.289, 47.63272, 0, 16.12435, 28.50254, 0.02251226, -0.2778099, -0.2778099, 0.9193131, 36.41227, 42.03607, -0.05750084, -0.01236339, -0.01236339, 0.9981924, 40.75908, 49.20488, 0.01174293, 0.05191121, 0.05191121, 0.9972325, 39.64264, 56.77064, 0.1538265, 0.08243916, 0.08243916, 0.9811957, 38.34348, 63.12606, 0.193626, 0.144982, 0.144982, 0.959411, -0.0803909, -0.1240582, -0.1240582, 0.9812015, -0.01463545, -0.06888323, -0.06888323, 67.51658, 33.75829, -0.1473983, 0.2854404, 0.2854404, -0.9029515, 56.65784, 70.8223, 0.6824653, 0.05401032, 0.05401032, 0.7269161, 38.13842, 47.67303, 0.3342068, 0, 0, 0.9424998, 64.56844, 80.71054, 0.2942178, -0.03540841, -0.03540841, 0.9544257, 19.79562, 24.74453, 0.2492511, -0.1068569, -0.1068569, 0.9565758, 0, 0, 0, 1, 0, 0, 0
letseee, 340.5545, 53.3951, 0.09807516, 6, flat, 187.028, 245.289, 47.63272, 0, 4.010539, 10.08331, 0.07702465, -0.310537, -0.310537, 0.8950982, 42.29753, 52.15836, -0.1186187, -0.03332185, -0.03332185, 0.9918211, 46.13432, 54.67626, -0.1340712, 0.05789747, 0.05789747, 0.9875833, 44.94644, 59.35212, -0.04366767, 0.08451815, 0.08451815, 0.9918702, 41.39847, 61.45949, 0.02406709, 0.2128268, 0.2128268, 0.9533259, -0.2141053, 0.03995084, 0.03995084, 0.9751753, 0.05701531, -0.01899263, -0.01899263, 67.51658, 33.75829, -0.1473983, 0.2854404, 0.2854404, -0.9029515, 56.65784, 70.8223, 0.6824653, 0.05401032, 0.05401032, 0.7269161, 38.13842, 47.67303, 0.3342068, 0, 0, 0.9424998, 64.56844, 80.71054, 0.2942178, -0.03540841, -0.03540841, 0.9544257, 19.79562, 24.74453, 0.2492511, -0.1068569, -0.1068569, 0.9565758, 0, 0, 0, 1, 0, 0, 0
letseee, 340.5545, 55.23382, 0.1160754, 17, flat, 187.028, 245.289, 47.63272, 0, 8.764838, 11.44183, 0.06701232, -0.3076665, -0.3076665, 0.897882, 40.33459, 48.24408, -0.07422231, -0.01863013, -0.01863013, 0.9968936, 46.322, 50.50965, -0.09890816, 0.05268123, 0.05268123, 0.9923037, 46.27266, 54.92551, -0.06903169, 0.06902595, 0.06902595, 0.9928271, 42.52296, 59.29104, -0.01345915, 0.1728429, 0.1728429, 0.9695718, -0.07280089, 0.2563724, 0.2563724, 0.9291106, 0.1373968, -0.06988731, -0.06988731, 67.51658, 33.75829, -0.1473983, 0.2854404, 0.2854404, -0.9029515, 56.65784, 70.8223, 0.6824653, 0.05401032, 0.05401032, 0.7269161, 38.13842, 47.67303, 0.3342068, 0, 0, 0.9424998, 64.56844, 80.71054, 0.2942178, -0.03540841, -0.03540841, 0.9544257, 19.79562, 24.74453, 0.2492511, -0.1068569, -0.1068569, 0.9565758, 0, 0, 0, 1, 0, 0, 0
letseee, 340.5545, 63.06988, 0.01759072, 12, flat, 187.028, 245.289, 47.63272, 0, 30.2752, 22.72734, -0.03428788, -0.3789526, -0.3789526, 0.8435723, 50.70069, 46.5672, -0.09051265, -0.05585965, -0.05585965, 0.9927572, 50.01141, 47.72677, -0.05131475, 0.03468168, 0.03468168, 0.9974774, 47.35566, 49.57125, 0.001605401, 0.09203026, 0.09203026, 0.991493, 46.16416, 54.4735, 0.01505555, 0.2010941, 0.2010941, 0.9585904, 0.03651303, -0.1899096, -0.1899096, 0.9625672, -0.06000333, -0.09126024, -0.09126024, 67.51658, 33.75829, -0.1473983, 0.2854404, 0.2854404, -0.9029515, 56.65784, 70.8223, 0.6824653, 0.05401032, 0.05401032, 0.7269161, 38.13842, 47.67303, 0.3342068, 0, 0, 0.9424998, 64.56844, 80.71054, 0.2942178, -0.03540841, -0.03540841, 0.9544257, 19.79562, 24.74453, 0.2492511, -0.1068569, -0.1068569, 0.9565758, 0, 0, 0, 1, 0, 0, 0
letseee, 340.5545, 65.4223, 0.05142275, 2, flat, 187.028, 245.289, 47.63272, 0, 11.97954, 16.61902, 0.04138027, -0.292403, -0.292403, 0.9095541, 43.79978, 49.04601, -0.1011126, -0.009200379, -0.009200379, 0.99479, 45.57886, 51.96484, -0.09821704, 0.05558445, 0.05558445, 0.9920555, 42.88173, 56.8899, -0.01616986, 0.07610781, 0.07610781, 0.9940593, 40.44261, 60.76414, 0.01396047, 0.1912656, 0.1912656, 0.9626215, -0.1622725, 0.1409078, 0.1409078, 0.9664148, 0.1393637, -0.01808989, -0.01808989, 67.51658, 33.75829, -0.1473983, 0.2854404, 0.2854404, -0.9029515, 56.65784, 70.8223, 0.6824653, 0.05401032, 0.05401032, 0.7269161, 38.13842, 47.67303, 0.3342068, 0, 0, 0.9424998, 64.56844, 80.71054, 0.2942178, -0.03540841, -0.03540841, 0.9544257, 19.79562, 24.74453, 0.2492511, -0.1068569, -0.1068569, 0.9565758, 0, 0, 0, 1, 0, 0, 0
letseee, 340.5545, 71.56902, 0.08672926, 10, flat, 187.028, 245.289, 47.63272, 0, 17.55783, 16.79137, 0.04577219, -0.3486984, -0.3486984, 0.8687484, 45.0612, 51.89563, -0.1245658, -0.002470832, -0.002470832, 0.9922053, 45.7287, 53.05423, -0.1228735, 0.06544579, 0.06544579, 0.9880971, 42.97707, 52.49653, -0.07556615, 0.1003773, 0.1003773, 0.9869846, 41.65321, 55.57313, -0.03285292, 0.2067154, 0.2067154, 0.95575, -0.1626233, -0.1625678, -0.1625678, 0.9595296, 0.00247027, -0.01890588, -0.01890588, 67.51658, 33.75829, -0.1473983, 0.2854404, 0.2854404, -0.9029515, 56.65784, 70.8223, 0.6824653, 0.05401032, 0.05401032, 0.7269161, 38.13842, 47.67303, 0.3342068, 0, 0, 0.9424998, 64.56844, 80.71054, 0.2942178, -0.03540841, -0.03540841, 0.9544257, 19.79562, 24.74453, 0.2492511, -0.1068569, -0.1068569, 0.9565758, 0, 0, 0, 1, 0, 0, 0
letseee, 340.5545, 128.0429, 0.07475786, 0, flat, 187.028, 245.289, 47.63272, 0, 11.499, 13.64001, 0.1024944, -0.3474166, -0.3474166, 0.8649268, 46.55337, 54.44224, -0.1423246, -0.01649985, -0.01649985, 0.989545, 46.12776, 56.22281, -0.07692608, 0.06851895, 0.06851895, 0.9923168, 43.06606, 57.83138, 0.04506001, 0.1020597, 0.1020597, 0.9885025, 42.24939, 65.59205, 0.1635265, 0.1708703, 0.1708703, 0.9564862, -0.1101008, -0.03109508, -0.03109508, 0.9929472, 0.02803352, -0.04646677, -0.04646677, 67.51658, 33.75829, -0.1473983, 0.2854404, 0.2854404, -0.9029515, 56.65784, 70.8223, 0.6824653, 0.05401032, 0.05401032, 0.7269161, 38.13842, 47.67303, 0.3342068, 0, 0, 0.9424998, 64.56844, 80.71054, 0.2942178, -0.03540841, -0.03540841, 0.9544257, 19.79562, 24.74453, 0.2492511, -0.1068569, -0.1068569, 0.9565758, 0, 0, 0, 1, 0, 0, 0
letseee, 340.5545, 129.5175, 0.04369302, 13, flat, 187.028, 245.289, 47.63272, 0, 7.830327, 8.896933, 0.07765367, -0.3344897, -0.3344897, 0.8776122, 47.36101, 51.91175, -0.1708383, -0.0248155, -0.0248155, 0.9846739, 47.08982, 53.24973, -0.09502044, 0.08071733, 0.08071733, 0.9889088, 42.70667, 55.37595, 0.04026486, 0.1227745, 0.1227745, 0.9839876, 42.59289, 65.87222, 0.19574, 0.1915146, 0.1915146, 0.9425128, 0.01311107, -0.1046069, -0.1046069, 0.98891, -0.0251535, -0.07665859, -0.07665859, 67.51658, 33.75829, -0.1473983, 0.2854404, 0.2854404, -0.9029515, 56.65784, 70.8223, 0.6824653, 0.05401032, 0.05401032, 0.7269161, 38.13842, 47.67303, 0.3342068, 0, 0, 0.9424998, 64.56844, 80.71054, 0.2942178, -0.03540841, -0.03540841, 0.9544257, 19.79562, 24.74453, 0.2492511, -0.1068569, -0.1068569, 0.9565758, 0, 0, 0, 1, 0, 0, 0
Unnamed, 635.4805, 0.3310392, 0.08934227, 11, flat, 201.0321, 543.6257, 45.92736, 0, 33.42939, 35.31924, 0.1670612, -0.2037778, -0.2037778, 0.9428891, 9.064101, 9.336794, 0.1101673, -0.05994731, -0.05994731, 0.9902908, 7.834437, 17.79892, 0.1567667, -0.01900334, -0.01900334, 0.9872699, 43.15851, 83.15913, 0.4778761, 0.04255129, 0.04255129, 0.8763636, 41.99617, 80.17302, 0.3717685, 0.1302732, 0.1302732, 0.9098604, -0.0848207, -0.1971613, -0.1971613, 0.9565879, -0.06272779, -0.06425364, -0.06425364, 72.18232, 36.09116, -0.1933224, 0.2463781, 0.2463781, -0.9171817, 67.33124, 84.16405, 0.5610781, 0.08466944, 0.08466944, 0.8190565, 11.32423, 14.15529, 0.06013503, 0, 0, 0.9981903, 76.39655, 95.49567, 0.6712241, -0.0381104, -0.0381104, 0.7392925, 37.69376, 47.1172, 0.292901, -0.1454369, -0.1454369, 0.9337587, 0, 0, 0, 1, 0, 0, 0
Unnamed, 635.4805, 49.08715, 0.1293074, 14, flat, 201.0321, 543.6257, 45.92736, 0, 33.83617, 30.3575, 0.1051991, -0.2354434, -0.2354434, 0.9370517, 10.07864, 31.90499, -0.0772137, -0.02995881, -0.02995881, 0.996114, 57.08732, 73.72173, 0.1171146, -0.003876862, -0.003876862, 0.9931033, 45.92793, 72.00877, 0.1907554, 0.05594598, 0.05594598, 0.9784439, 28.43659, 40.91079, -0.09261511, 0.2168741, 0.2168741, 0.9472876, -0.0191897, 0.0009805695, 0.0009805695, 0.9998149, 0.003774092, -0.07060023, -0.07060023, 72.18232, 36.09116, -0.1933224, 0.2463781, 0.2463781, -0.9171817, 67.33124, 84.16405, 0.5610781, 0.08466944, 0.08466944, 0.8190565, 11.32423, 14.15529, 0.06013503, 0, 0, 0.9981903, 76.39655, 95.49567, 0.6712241, -0.0381104, -0.0381104, 0.7392925, 37.69376, 47.1172, 0.292901, -0.1454369, -0.1454369, 0.9337587, 0, 0, 0, 1, 0, 0, 0
Unnamed, 248.5253, 0.3976086, 0.0266601, 14, flat, 166.1765, 117.8026, 57.58657, 7.774811, 19.53039, 31.52506, 0.1686643, -0.1523877, -0.1523877, 0.9618255, 12.37719, 16.12191, -0.119587, -0.0633853, -0.0633853, 0.9887688, 14.98411, 18.54419, -0.1645032, 0.03486696, 0.03486696, 0.9851433, 14.80723, 16.86206, -0.1871448, 0.1118079, 0.1118079, 0.969523, 15.95034, 16.8657, -0.1929109, 0.2585424, 0.2585424, 0.9105477, -0.006248832, -0.005826488, -0.005826488, 0.9999465, 0.02179912, -0.06063572, -0.06063572, 41.73238, 20.86619, -0.335798, 0.2439322, 0.2439322, -0.8764895, 1.658716, 2.073395, 0.588203, 0.1194767, 0.1194767, 0.7908653, 48.01205, 60.01506, 0.06293955, 0, 0, 0.9980174, 59.73678, 74.67097, -0.06255525, -0.07454284, -0.07454284, 0.9924584, 8.810082, 11.0126, 0.4872275, -0.1900833, -0.1900833, 0.8308707, 0, 0, 0, 1, 0, 0, 0
Unnamed, 248.5253, 2.5347, 0.05248945, 15, flat, 166.1765, 117.8026, 57.58657, 7.774811, 16.2676, 34.55935, 0.0901074, -0.2207638, -0.2207638, 0.9457311, 13.14644, 16.63159, -0.1146608, -0.03940772, -0.03940772, 0.9918402, 15.21522, 18.77261, -0.1490751, 0.03936566, 0.03936566, 0.9872575, 15.23444, 16.84944, -0.1760572, 0.1079396, 0.1079396, 0.9724721, 17.06214, 18.28058, -0.1813122, 0.2471914, 0.2471914, 0.9191946, -0.02677797, 0.09680807, 0.09680807, 0.9902219, 0.07299816, -0.04724729, -0.04724729, 41.73238, 20.86619, -0.335798, 0.2439322, 0.2439322, -0.8764895, 1.658716, 2.073395, 0.588203, 0.1194767, 0.1194767, 0.7908653, 48.01205, 60.01506, 0.06293955, 0, 0, 0.9980174, 59.73678, 74.67097, -0.06255525, -0.07454284, -0.07454284, 0.9924584, 8.810082, 11.0126, 0.4872275, -0.1900833, -0.1900833, 0.8308707, 0, 0, 0, 1, 0, 0, 0
Unnamed, 248.5253, 4.291363, 0.03879044, 10, flat, 166.1765, 117.8026, 57.58657, 7.774811, 7.843151, 40.6326, -0.3227446, -0.1694627, -0.1694627, 0.9156422, 19.18083, 22.04318, -0.07056288, -0.03377803, -0.03377803, 0.9963629, 20.5744, 23.73872, -0.127441, 0.04148278, 0.04148278, 0.9901097, 19.59451, 20.7632, -0.1652874, 0.1026764, 0.1026764, 0.9754974, 21.02615, 22.96767, -0.20577, 0.217223, 0.217223, 0.9291324, -0.1798992, -0.1183125, -0.1183125, 0.9693506, -0.007864185, -0.02137023, -0.02137023, 41.73238, 20.86619, -0.335798, 0.2439322, 0.2439322, -0.8764895, 1.658716, 2.073395, 0.588203, 0.1194767, 0.1194767, 0.7908653, 48.01205, 60.01506, 0.06293955, 0, 0, 0.9980174, 59.73678, 74.67097, -0.06255525, -0.07454284, -0.07454284, 0.9924584, 8.810082, 11.0126, 0.4872275, -0.1900833, -0.1900833, 0.8308707, 0, 0, 0, 1, 0, 0, 0
Unnamed, 248.5253, 6.212607, 0.0567126, 6, flat, 166.1765, 117.8026, 57.58657, 7.774811, 1.55066, 22.25888, -0.07732511, -0.2501962, -0.2501962, 0.9321076, 14.92492, 18.43825, -0.07335052, -0.05108744, -0.05108744, 0.9946858, 14.19539, 22.11514, -0.1311226, 0.01439426, 0.01439426, 0.9911572, 16.42084, 20.83928, -0.1369853, 0.08339101, 0.08339101, 0.9835278, 21.84929, 25.30339, -0.17199, 0.2156875, 0.2156875, 0.9366842, -0.2134354, 0.05516004, 0.05516004, 0.9738379, 0.07612442, 0.01194787, 0.01194787, 41.73238, 20.86619, -0.335798, 0.2439322, 0.2439322, -0.8764895, 1.658716, 2.073395, 0.588203, 0.1194767, 0.1194767, 0.7908653, 48.01205, 60.01506, 0.06293955, 0, 0, 0.9980174, 59.73678, 74.67097, -0.06255525, -0.07454284, -0.07454284, 0.9924584, 8.810082, 11.0126, 0.4872275, -0.1900833, -0.1900833, 0.8308707, 0, 0, 0, 1, 0, 0, 0
Unnamed, 248.5253, 9.1945, 0.09025317, 13, flat, 166.1765, 117.8026, 57.58657, 7.774811, 30.9448, 44.69071, 0.05193866, -0.2377874, -0.2377874, 0.940328, 18.2061, 21.62326, 0.008737558, -0.07353359, -0.07353359, 0.9945397, 21.11151, 23.69658, -0.09716989, 0.02825767, 0.02825767, 0.9944652, 19.93805, 23.04412, -0.1117882, 0.1076556, 0.1076556, 0.982, 21.7397, 24.39171, -0.1319794, 0.2406902, 0.2406902, 0.9309769, -0.003383922, -0.1072162, -0.1072162, 0.988432, -0.03261864, -0.08853057, -0.08853057, 41.73238, 20.86619, -0.335798, 0.2439322, 0.2439322, -0.8764895, 1.658716, 2.073395, 0.588203, 0.1194767, 0.1194767, 0.7908653, 48.01205, 60.01506, 0.06293955, 0, 0, 0.9980174, 59.73678, 74.67097, -0.06255525, -0.07454284, -0.07454284, 0.9924584, 8.810082, 11.0126, 0.4872275, -0.1900833, -0.1900833, 0.8308707, 0, 0, 0, 1, 0, 0, 0
Unnamed, 248.5253, 13.22101, 0.02580069, 16, flat, 166.1765, 117.8026, 57.58657, 7.774811, 4.286423, 33.52694, -0.05583324, -0.251771, -0.251771, 0.9327944, 12.23553, 12.8709, -0.07391064, -0.02740995, -0.02740995, 0.9965113, 13.30768, 15.59405, -0.1126888, 0.03066563, 0.03066563, 0.9926835, 14.44814, 16.22764, -0.1404865, 0.0785967, 0.0785967, 0.9838235, 15.26664, 18.60413, -0.170223, 0.1930692, 0.1930692, 0.9468224, -0.0462318, 0.1831128, 0.1831128, 0.9647808, 0.1161057, -0.03611439, -0.03611439, 41.73238, 20.86619, -0.335798, 0.2439322, 0.2439322, -0.8764895, 1.658716, 2.073395, 0.588203, 0.1194767, 0.1194767, 0.7908653, 48.01205, 60.01506, 0.06293955, 0, 0, 0.9980174, 59.73678, 74.67097, -0.06255525, -0.07454284, -0.07454284, 0.9924584, 8.810082, 11.0126, 0.4872275, -0.1900833, -0.1900833, 0.8308707, 0, 0, 0, 1, 0, 0, 0
Unnamed, 248.5253, 15.37388, 0.01891631, 7, flat, 166.1765, 117.8026, 57.58657, 7.774811, 3.928, 38.88052, -0.2936774, -0.1839358, -0.1839358, 0.9198309, 16.34962, 18.19999, -0.08872407, -0.02615413, -0.02615413, 0.9953693, 18.192, 22.75546, -0.1286662, 0.03659456, 0.03659456, 0.9903367, 19.28974, 21.79843, -0.162335, 0.08883376, 0.08883376, 0.9787055, 20.87784, 23.11325, -0.1972324, 0.1937397, 0.1937397, 0.9412913, -0.1953914, -0.03145092, -0.03145092, 0.9797162, 0.01175854, -0.01117069, -0.01117069, 41.73238, 20.86619, -0.335798, 0.2439322, 0.2439322, -0.8764895, 1.658716, 2.073395, 0.588203, 0.1194767, 0.1194767, 0.7908653, 48.01205, 60.01506, 0.06293955, 0, 0, 0.9980174, 59.73678, 74.67097, -0.06255525, -0.07454284, -0.07454284, 0.9924584, 8.810082, 11.0126, 0.4872275, -0.1900833, -0.1900833, 0.8308707, 0, 0, 0, 1, 0, 0, 0
Unnamed, 248.5253, 20.70891, 0.009921746, 3, flat, 166.1765, 117.8026, 57.58657, 7.774811, 7.727814, 31.71708, -0.05500929, -0.2518075, -0.2518075, 0.9328237, 14.65979, 15.73124, -0.09642937, -0.0122599, -0.0122599, 0.9951888, 16.98856, 19.1237, -0.1365491, 0.03202979, 0.03202979, 0.9895972, 16.40641, 18.50315, -0.1635614, 0.07157881, 0.07157881, 0.981326, 16.89871, 19.42266, -0.187844, 0.1870428, 0.1870428, 0.9459095, -0.164349, 0.2323051, 0.2323051, 0.930085, 0.1277272, -0.02543628, -0.02543628, 41.73238, 20.86619, -0.335798, 0.2439322, 0.2439322, -0.8764895, 1.658716, 2.073395, 0.588203, 0.1194767, 0.1194767, 0.7908653, 48.01205, 60.01506, 0.06293955, 0, 0, 0.9980174, 59.73678, 74.67097, -0.06255525, -0.07454284, -0.07454284, 0.9924584, 8.810082, 11.0126, 0.4872275, -0.1900833, -0.1900833, 0.8308707, 0, 0, 0, 1, 0, 0, 0
Unnamed, 248.5253, 22.9614, 0.08208913, 1, flat, 166.1765, 117.8026, 57.58657, 7.774811, 14.91788, 39.06558, -0.1262393, -0.2425888, -0.2425888, 0.9307873, 17.74543, 19.45641, -0.138083, -0.01779582, -0.01779582, 0.9901009, 18.41987, 22.46546, -0.1841384, 0.03296308, 0.03296308, 0.9817942, 21.11387, 22.60004, -0.2183546, 0.08463213, 0.08463213, 0.968502, 21.50166, 23.19529, -0.2388948, 0.2014367, 0.2014367, 0.9283188, -0.1278048, 0.08456627, 0.08456627, 0.9845624, 0.04480927, -0.04230791, -0.04230791, 41.73238, 20.86619, -0.335798, 0.2439322, 0.2439322, -0.8764895, 1.658716, 2.073395, 0.588203, 0.1194767, 0.1194767, 0.7908653, 48.01205, 60.01506, 0.06293955, 0, 0, 0.9980174, 59.73678, 74.67097, -0.06255525, -0.07454284, -0.07454284, 0.9924584, 8.810082, 11.0126, 0.4872275, -0.1900833, -0.1900833, 0.8308707, 0, 0, 0, 1, 0, 0, 0
Unnamed, 248.5253, 24.3534, 0.004987991, 9, flat, 166.1765, 117.8026, 57.58657, 7.774811, 31.60815, 44.27672, -0.1801657, -0.2286781, -0.2286781, 0.9289526, 26.65836, 27.3588, -0.08234807, -0.04828977, -0.04828977, 0.994261, 27.34477, 29.27968, -0.1490476, 0.04619651, 0.04619651, 0.9866695, 27.45077, 29.9727, -0.1566819, 0.1218434, 0.1218434, 0.9725015, 28.9364, 32.39161, -0.165598, 0.2157571, 0.2157571, 0.9378033, -0.1667429, -0.1981689, -0.1981689, 0.9453333, -0.06311551, -0.0464491, -0.0464491, 41.73238, 20.86619, -0.335798, 0.2439322, 0.2439322, -0.8764895, 1.658716, 2.073395, 0.588203, 0.1194767, 0.1194767, 0.7908653, 48.01205, 60.01506, 0.06293955, 0, 0, 0.9980174, 59.73678, 74.67097, -0.06255525, -0.07454284, -0.07454284, 0.9924584, 8.810082, 11.0126, 0.4872275, -0.1900833, -0.1900833, 0.8308707, 0, 0, 0, 1, 0, 0, 0
Unnamed, 248.5253, 27.6664, 0.04627425, 5, flat, 166.1765, 117.8026, 57.58657, 7.774811, 8.617234, 31.5806, -0.06535991, -0.2512182, -0.2512182, 0.9324736, 17.66866, 19.76384, -0.08709337, -0.02655212, -0.02655212, 0.9954922, 20.09082, 23.7832, -0.1445675, 0.02171915, 0.02171915, 0.9890181, 21.16772, 24.69663, -0.1681846, 0.06905238, 0.06905238, 0.9809065, 22.43442, 25.69174, -0.1744679, 0.1871353, 0.1871353, 0.9484312, -0.234198, 0.1314985, 0.1314985, 0.9542366, 0.09954575, 0.004685998, 0.004685998, 41.73238, 20.86619, -0.335798, 0.2439322, 0.2439322, -0.8764895, 1.658716, 2.073395, 0.588203, 0.1194767, 0.1194767, 0.7908653, 48.01205, 60.01506, 0.06293955, 0, 0, 0.9980174, 59.73678, 74.67097, -0.06255525, -0.07454284, -0.07454284, 0.9924584, 8.810082, 11.0126, 0.4872275, -0.1900833, -0.1900833, 0.8308707, 0, 0, 0, 1, 0, 0, 0
Unnamed, 248.5253, 30.18482, 0.06175784, 17, flat, 166.1765, 117.8026, 57.58657, 7.774811, 5.486873, 30.98804, -0.05311759, -0.2518847, -0.2518847, 0.9328916, 12.84097, 14.26882, -0.08205511, -0.01544464, -0.01544464, 0.9963885, 15.43734, 16.912, -0.1311301, 0.02933101, 0.02933101, 0.990497, 15.09806, 16.71133, -0.163332, 0.07172587, 0.07172587, 0.9813427, 15.68955, 17.50743, -0.1884288, 0.1775243, 0.1775243, 0.949455, -0.07911827, 0.2554254, 0.2554254, 0.9291157, 0.1395253, -0.03486091, -0.03486091, 41.73238, 20.86619, -0.335798, 0.2439322, 0.2439322, -0.8764895, 1.658716, 2.073395, 0.588203, 0.1194767, 0.1194767, 0.7908653, 48.01205, 60.01506, 0.06293955, 0, 0, 0.9980174, 59.73678, 74.67097, -0.06255525, -0.07454284, -0.07454284, 0.9924584, 8.810082, 11.0126, 0.4872275, -0.1900833, -0.1900833, 0.8308707, 0, 0, 0, 1, 0, 0, 0
Unnamed, 248.5253, 32.96769, 0.01439548, 11, flat, 166.1765, 117.8026, 57.58657, 7.774811, 28.9892, 44.69071, 0.03309503, -0.2434389, -0.2434389, 0.9382855, 21.12323, 23.58323, -0.0004142057, -0.06466027, -0.06466027, 0.9958102, 24.17028, 25.6071, -0.09125794, 0.03895412, 0.03895412, 0.9943023, 23.32005, 26.27894, -0.08458389, 0.1226932, 0.1226932, 0.9811924, 22.58317, 29.29446, -0.07483774, 0.2442103, 0.2442103, 0.9354796, -0.08157741, -0.1992684, -0.1992684, 0.9559965, -0.05922692, -0.07455775, -0.07455775, 41.73238, 20.86619, -0.335798, 0.2439322, 0.2439322, -0.8764895, 1.658716, 2.073395, 0.588203, 0.1194767, 0.1194767, 0.7908653, 48.01205, 60.01506, 0.06293955, 0, 0, 0.9980174, 59.73678, 74.67097, -0.06255525, -0.07454284, -0.07454284, 0.9924584, 8.810082, 11.0126, 0.4872275, -0.1900833, -0.1900833, 0.8308707, 0, 0, 0, 1, 0, 0, 0
Unnamed, 248.5253, 35.18805, 0.03543647, 0, flat, 166.1765, 117.8026, 57.58657, 7.774811, 20.3604, 41.90151, -0.0514399, -0.2519449, -0.2519449, 0.9329532, 15.12586, 19.61417, -0.110085, -0.03102091, -0.03102091, 0.9929535, 17.89494, 23.32045, -0.1552191, 0.03663528, 0.03663528, 0.9865205, 17.96392, 21.76871, -0.1877997, 0.1019063, 0.1019063, 0.9715769, 20.18584, 23.03555, -0.2173979, 0.2023798, 0.2023798, 0.933179, -0.1104904, -0.01866254, -0.01866254, 0.9935267, 0.0249089, -0.03652805, -0.03652805, 41.73238, 20.86619, -0.335798, 0.2439322, 0.2439322, -0.8764895, 1.658716, 2.073395, 0.588203, 0.1194767, 0.1194767, 0.7908653, 48.01205, 60.01506, 0.06293955, 0, 0, 0.9980174, 59.73678, 74.67097, -0.06255525, -0.07454284, -0.07454284, 0.9924584, 8.810082, 11.0126, 0.4872275, -0.1900833, -0.1900833, 0.8308707, 0, 0, 0, 1, 0, 0, 0
Unnamed, 248.5253, 38.28563, 0.02413163, 4, flat, 166.1765, 117.8026, 57.58657, 7.774811, 5.695261, 29.04951, -0.04619842, -0.2520833, -0.2520833, 0.9331526, 15.55532, 19.00446, -0.04623955, -0.03729933, -0.03729933, 0.9975367, 18.57764, 21.83383, -0.1095601, 0.01218885, 0.01218885, 0.9938307, 20.08311, 22.62193, -0.1375519, 0.06329393, 0.06329393, 0.9864417, 21.03404, 23.73079, -0.1372516, 0.1847641, 0.1847641, 0.9554509, -0.2324688, 0.2086811, 0.2086811, 0.9267485, 0.1134758, 0.005443573, 0.005443573, 41.73238, 20.86619, -0.335798, 0.2439322, 0.2439322, -0.8764895, 1.658716, 2.073395, 0.588203, 0.1194767, 0.1194767, 0.7908653, 48.01205, 60.01506, 0.06293955, 0, 0, 0.9980174, 59.73678, 74.67097, -0.06255525, -0.07454284, -0.07454284, 0.9924584, 8.810082, 11.0126, 0.4872275, -0.1900833, -0.1900833, 0.8308707, 0, 0, 0, 1, 0, 0, 0
Unnamed, 248.5253, 42.92432, 0.07938836, 12, flat, 166.1765, 117.8026, 57.58657, 7.774811, 29.94517, 41.59789, 0.1277969, -0.194775, -0.194775, 0.9527819, 19.60987, 23.56667, 0.03336638, -0.0806959, -0.0806959, 0.9929064, 20.86151, 23.85831, -0.07071415, 0.03663294, 0.03663294, 0.9961504, 20.38069, 25.07432, -0.04737884, 0.1257562, 0.1257562, 0.9829171, 21.57822, 30.08613, -0.01012326, 0.258788, 0.258788, 0.9305671, -0.002869679, -0.1882083, -0.1882083, 0.9639228, -0.07537341, -0.1258673, -0.1258673, 41.73238, 20.86619, -0.335798, 0.2439322, 0.2439322, -0.8764895, 1.658716, 2.073395, 0.588203, 0.1194767, 0.1194767, 0.7908653, 48.01205, 60.01506, 0.06293955, 0, 0, 0.9980174, 59.73678, 74.67097, -0.06255525, -0.07454284, -0.07454284, 0.9924584, 8.810082, 11.0126, 0.4872275, -0.1900833, -0.1900833, 0.8308707, 0, 0, 0, 1, 0, 0, 0
Unnamed, 248.5253, 45.44246, 0.03680671, 2, flat, 166.1765, 117.8026, 57.58657, 7.774811, 6.410226, 28.92448, 0.01375656, -0.2476348, -0.2476348, 0.9365708, 14.65384, 16.32044, -0.08448407, -0.01827868, -0.01827868, 0.9960895, 17.40155, 18.66689, -0.1401262, 0.03126346, 0.03126346, 0.9891461, 16.97598, 18.21688, -0.1740838, 0.08530071, 0.08530071, 0.9773139, 18.0747, 19.49912, -0.191723, 0.1903931, 0.1903931, 0.943792, -0.1344219, 0.1608976, 0.1608976, 0.9644453, 0.1087168, -0.01291713, -0.01291713, 41.73238, 20.86619, -0.335798, 0.2439322, 0.2439322, -0.8764895, 1.658716, 2.073395, 0.588203, 0.1194767, 0.1194767, 0.7908653, 48.01205, 60.01506, 0.06293955, 0, 0, 0.9980174, 59.73678, 74.67097, -0.06255525, -0.07454284, -0.07454284, 0.9924584, 8.810082, 11.0126, 0.4872275, -0.1900833, -0.1900833, 0.8308707, 0, 0, 0, 1, 0, 0, 0
Unnamed, 248.5253, 47.72892, 0.1838015, 8, flat, 166.1765, 117.8026, 57.58657, 7.774811, 26.84264, 44.48069, 0.02838276, -0.2446039, -0.2446039, 0.9378338, 20.95394, 23.32175, -0.07706745, -0.05109097, -0.05109097, 0.9944044, 24.11544, 26.32808, -0.1525177, 0.03338364, 0.03338364, 0.9871724, 23.05917, 24.54546, -0.1834732, 0.1023863, 0.1023863, 0.9723023, 24.26686, 26.59776, -0.2108078, 0.2153164, 0.2153164, 0.9288906, -0.0779776, -0.1066059, -0.1066059, 0.9854897, -0.03198862, -0.06989299, -0.06989299, 41.73238, 20.86619, -0.335798, 0.2439322, 0.2439322, -0.8764895, 1.658716, 2.073395, 0.588203, 0.1194767, 0.1194767, 0.7908653, 48.01205, 60.01506, 0.06293955, 0, 0, 0.9980174, 59.73678, 74.67097, -0.06255525, -0.07454284, -0.07454284, 0.9924584, 8.810082, 11.0126, 0.4872275, -0.1900833, -0.1900833, 0.8308707, 0, 0, 0, 1, 0, 0, 0
Unnamed, 698.7238, 0.9111667, 0.07923932, 10, flat, 212.1912, 434.052, 132.3359, 0, 20.09031, 27.28452, 0.1298813, -0.1930136, -0.1930136, 0.9532169, 8.959142, 12.46666, -0.07964045, 0.07579886, 0.07579886, 0.9910432, 6.24984, 9.191844, -0.06580045, 0.06903875, 0.06903875, 0.9930446, 5.3535, 8.133494, -0.03092566, 0.04707443, 0.04707443, 0.9973022, 6.422235, 10.32771, -0.02613863, -0.0001185372, -0.0001185372, 0.9996583, -0.1837958, -0.1103228, -0.1103228, 0.9705034, 0.08061332, 0.03413731, 0.03413731, 63.73472, 31.86736, -0.04786514, 0.07848238, 0.07848238, -0.9926681, 68.30313, 85.37891, 0.6326653, 0.06813482, 0.06813482, 0.7684074, 6.266232, 7.83279, 0.08130367, 0, 0, 0.9966894, 61.6939, 77.11737, 0.6912487, -0.03191214, -0.03191214, 0.7212063, 79.3187, 99.14838, 0.6878023, -0.0951852, -0.0951852, 0.7133076, 0, 0, 0, 1, 0, 0, 0
Unnamed, 698.7238, 3.594966, 0.1668547, 8, flat, 212.1912, 434.052, 132.3359, 0, 19.27614, 26.85428, 0.1556018, -0.1678956, -0.1678956, 0.9588588, 6.287871, 12.67946, -0.07359502, 0.09793891, 0.09793891, 0.9876233, 0, 10.39455, -0.05475838, 0.07745595, 0.07745595, 0.992473, 1.691885, 8.889577, -0.03921343, 0.02802101, 0.02802101, 0.9984448, 1.542054, 4.086434, -0.03888105, -0.001264917, -0.001264917, 0.9992422, -0.06807282, -0.1196579, -0.1196579, 0.9832243, 0.08536437, 0.03017101, 0.03017101, 63.73472, 31.86736, -0.04786514, 0.07848238, 0.07848238, -0.9926681, 68.30313, 85.37891, 0.6326653, 0.06813482, 0.06813482, 0.7684074, 6.266232, 7.83279, 0.08130367, 0, 0, 0.9966894, 61.6939, 77.11737, 0.6912487, -0.03191214, -0.03191214, 0.7212063, 79.3187, 99.14838, 0.6878023, -0.0951852, -0.0951852, 0.7133076, 0, 0, 0, 1, 0, 0, 0
Unnamed, 91.10941, 2.071376, 0.1809237, 10, flat, 141.9238, 61.35857, 9.608364, 5.267059, 15.25081, 23.53783, 0.1655239, 0.1857067, 0.1857067, 0.9505935, 10.80737, 10.6595, -0.06400198, 0.06598125, 0.06598125, 0.9935777, 10.39167, 13.38124, -0.03977151, -0.009270573, -0.009270573, 0.9991228, 9.742271, 11.41045, -0.04066543, -0.09469563, -0.09469563, 0.9901575, 10.47666, 11.24124, -0.06400685, -0.3121679, -0.3121679, 0.8949891, -0.1966975, -0.04597151, -0.04597151, 0.9783064, -0.1598942, -0.007125884, -0.007125884, 73.90315, 36.95158, -0.3328193, 0.05014658, 0.05014658, -0.9403201, 35.75201, 44.69001, 0.09669259, 0.1687866, 0.1687866, 0.9662675, 13.49913, 16.87391, 0.6425825, 0, 0, 0.7662165, 18.30424, 22.88031, 0.3114696, -0.08175923, -0.08175923, 0.9431955, 34.08371, 42.60463, 0.01689419, -0.2484232, -0.2484232, 0.9361017, 0, 0, 0, 1, 0, 0, 0
Unnamed, 91.10941, 3.943258, 0.08014815, 6, flat, 141.9238, 61.35857, 9.608364, 5.267059, 15.74091, 24.33234, 0.1937491, 0.1763078, 0.1763078, 0.9488374, 10.44836, 10.53398, -0.0829078, 0.05848001, 0.05848001, 0.9931196, 10.76596, 12.34193, -0.0634978, -0.01045086, -0.01045086, 0.9978725, 9.433465, 10.48836, -0.07845229, -0.09455307, -0.09455307, 0.9879093, 9.981603, 10.5538, -0.1042213, -0.3195492, -0.3195492, 0.8859541, -0.177154, 0.1261642, 0.1261642, 0.9678748, -0.08208402, -0.02147692, -0.02147692, 73.90315, 36.95158, -0.3328193, 0.05014658, 0.05014658, -0.9403201, 35.75201, 44.69001, 0.09669259, 0.1687866, 0.1687866, 0.9662675, 13.49913, 16.87391, 0.6425825, 0, 0, 0.7662165, 18.30424, 22.88031, 0.3114696, -0.08175923, -0.08175923, 0.9431955, 34.08371, 42.60463, 0.01689419, -0.2484232, -0.2484232, 0.9361017, 0, 0, 0, 1, 0, 0, 0
Unnamed, 91.10941, 5.433751, 0.1530889, 9, flat, 141.9238, 61.35857, 9.608364, 5.267059, 16.16889, 23.46833, 0.1580257, 0.2069785, 0.2069785, 0.9430524, 12.15099, 12.27915, 0.001933509, 0.06001326, 0.06001326, 0.9963901, 13.3446, 16.57186, 0.02487157, -0.009056854, -0.009056854, 0.9996086, 10.75431, 14.27648, 0.03649137, -0.08133011, -0.08133011, 0.9926929, 11.17107, 12.60008, -0.01655941, -0.2992065, -0.2992065, 0.9059121, -0.2294125, -0.1118628, -0.1118628, 0.9603871, -0.2065773, -0.002421856, -0.002421856, 73.90315, 36.95158, -0.3328193, 0.05014658, 0.05014658, -0.9403201, 35.75201, 44.69001, 0.09669259, 0.1687866, 0.1687866, 0.9662675, 13.49913, 16.87391, 0.6425825, 0, 0, 0.7662165, 18.30424, 22.88031, 0.3114696, -0.08175923, -0.08175923, 0.9431955, 34.08371, 42.60463, 0.01689419, -0.2484232, -0.2484232, 0.9361017, 0, 0, 0, 1, 0, 0, 0
Unnamed, 219.9564, 3.362482, 0.02909943, 16, grab, 202.7392, 111.8001, 54.07816, 0, 35.52452, 24.86398, 0.07426325, 0.3557441, 0.3557441, 0.8610327, 52.42295, 64.56274, 0.06986485, 0.04991917, 0.04991917, 0.9950553, 52.74262, 65.24735, 0.04567198, -0.05569071, -0.05569071, 0.995847, 48.92118, 61.41758, 0.05567013, -0.1147243, -0.1147243, 0.9851789, 44.12756, 57.43023, 0.06567883, -0.2544602, -0.2544602, 0.9306914, 0.0003557717, 0.199007, 0.199007, 0.9595793, -0.02510663, -0.03179732, -0.03179732, 76.54875, 38.27438, 0.0006128983, 0.1263575, 0.1263575, -0.9839041, 74.47543, 93.09429, 0.5789641, 0.1339522, 0.1339522, 0.7930412, 52.15908, 65.19886, 0.4178389, 0, 0, 0.9085211, 61.84638, 77.30798, 0.08639992, -0.08296578, -0.08296578, 0.9893273, 63.97976, 79.9747, 0.3854867, -0.2224151, -0.2224151, 0.8674463, 0, 0, 0, 1, 0, 0, 0
Unnamed, 219.9564, 14.84315, 0.1071557, 1, grab, 202.7392, 111.8001, 54.07816, 0, 31.52418, 21.53924, 0.01425405, 0.3866068, 0.3866068, 0.8371781, 42.2249, 45.38797, -0.07464112, 0.0466168, 0.0466168, 0.9950289, 40.26004, 43.40736, -0.1396539, -0.03746611, -0.03746611, 0.9887818, 38.3392, 40.11957, -0.1385082, -0.1168377, -0.1168377, 0.9764801, 36.51234, 38.72913, -0.0721093, -0.2809993, -0.2809993, 0.914811, -0.09598389, 0.09771085, 0.09771085, 0.9857446, -0.02028403, 0.003020883, 0.003020883, 76.54875, 38.27438, 0.0006128983, 0.1263575, 0.1263575, -0.9839041, 74.47543, 93.09429, 0.5789641, 0.1339522, 0.1339522, 0.7930412, 52.15908, 65.19886, 0.4178389, 0, 0, 0.9085211, 61.84638, 77.30798, 0.08639992, -0.08296578, -0.08296578, 0.9893273, 63.97976, 79.9747, 0.3854867, -0.2224151, -0.2224151, 0.8674463, 0, 0, 0, 1, 0, 0, 0
Unnamed, 219.9564, 16.1857, 0.1332422, 5, grab, 202.7392, 111.8001, 54.07816, 0, 25.09619, 16.52721, 0.05234234, 0.3722863, 0.3722863, 0.8485671, 41.09585, 44.50571, -0.0338385, 0.06477097, 0.06477097, 0.9952208, 39.41375, 43.89099, -0.1000217, -0.02235958, -0.02235958, 0.9944827, 37.54598, 40.41501, -0.1034983, -0.1043724, -0.1043724, 0.9836162, 33.67168, 37.23156, -0.06829891, -0.26437, -0.26437, 0.9249607, -0.1660982, 0.1898529, 0.1898529, 0.9488536, -0.004311219, 0.01745909, 0.01745909, 76.54875, 38.27438, 0.0006128983, 0.1263575, 0.1263575, -0.9839041, 74.47543, 93.09429, 0.5789641, 0.1339522, 0.1339522, 0.7930412, 52.15908, 65.19886, 0.4178389, 0, 0, 0.9085211, 61.84638, 77.30798, 0.08639992, -0.08296578, -0.08296578, 0.9893273, 63.97976, 79.9747, 0.3854867, -0.2224151, -0.2224151, 0.8674463, 0, 0, 0, 1, 0, 0, 0
Unnamed, 219.9564, 18.09023, 0.1208296, 8, grab, 202.7392, 111.8001, 54.07816, 0, 28.2271, 18.419, 0.01986748, 0.3856421, 0.3856421, 0.8379533, 40.44541, 40.9879, -0.1179971, 0.05598969, 0.05598969, 0.989852, 40.30955, 41.68227, -0.1609155, -0.04196585, -0.04196585, 0.9851822, 39.74441, 40.84838, -0.1517271, -0.1240212, -0.1240212, 0.9727365, 37.44806, 39.86585, -0.09994793, -0.2929966, -0.2929966, 0.9046085, -0.1215336, -0.07691206, -0.07691206, 0.9866097, -0.08985291, 0.02458882, 0.02458882, 76.54875, 38.27438, 0.0006128983, 0.1263575, 0.1263575, -0.9839041, 74.47543, 93.09429, 0.5789641, 0.1339522, 0.1339522, 0.7930412, 52.15908, 65.19886, 0.4178389, 0, 0, 0.9085211, 61.84638, 77.30798, 0.08639992, -0.08296578, -0.08296578, 0.9893273, 63.97976, 79.9747, 0.3854867, -0.2224151, -0.2224151, 0.8674463, 0, 0, 0, 1, 0, 0, 0
Unnamed, 219.9564, 19.51543, 0.04698545, 13, grab, 202.7392, 111.8001, 54.07816, 0, 31.43331, 24.60231, 0.02192324, 0.3803131, 0.3803131, 0.8427593, 44.10028, 47.12703, -0.07438725, 0.03821507, 0.03821507, 0.9957639, 38.11023, 42.99929, -0.1595859, -0.06025654, -0.06025654, 0.9834992, 36.31596, 40.13654, -0.1578831, -0.152132, -0.152132, 0.9637347, 34.9868, 41.18431, -0.08173324, -0.314129, -0.314129, 0.8921691, -0.008823656, -0.09243299, -0.09243299, 0.9913801, -0.08925453, -0.02149519, -0.02149519, 76.54875, 38.27438, 0.0006128983, 0.1263575, 0.1263575, -0.9839041, 74.47543, 93.09429, 0.5789641, 0.1339522, 0.1339522, 0.7930412, 52.15908, 65.19886, 0.4178389, 0, 0, 0.9085211, 61.84638, 77.30798, 0.08639992, -0.08296578, -0.08296578, 0.9893273, 63.97976, 79.9747, 0.3854867, -0.2224151, -0.2224151, 0.8674463, 0, 0, 0, 1, 0, 0, 0
Unnamed, 219.9564, 20.79061, 0.05699546, 11, grab, 202.7392, 111.8001, 54.07816, 0, 23.95947, 16.62458, 0.01641946, 0.3814654, 0.3814654, 0.8418425, 39.72935, 43.93921, -0.0962534, 0.05785992, 0.05785992, 0.9919878, 40.3673, 44.16808, -0.1251338, -0.03507215, -0.03507215, 0.9908993, 39.01744, 42.83566, -0.1102417, -0.1107131, -0.1107131, 0.9814948, 36.82977, 42.2892, -0.07206163, -0.2709259, -0.2709259, 0.9208722, -0.1336951, -0.1645414, -0.1645414, 0.9633161, -0.1332053, 0.02832854, 0.02832854, 76.54875, 38.27438, 0.0006128983, 0.1263575, 0.1263575, -0.9839041, 74.47543, 93.09429, 0.5789641, 0.1339522, 0.1339522, 0.7930412, 52.15908, 65.19886, 0.4178389, 0, 0, 0.9085211, 61.84638, 77.30798, 0.08639992, -0.08296578, -0.08296578, 0.9893273, 63.97976, 79.9747, 0.3854867, -0.2224151, -0.2224151, 0.8674463, 0, 0, 0, 1, 0, 0, 0
Unnamed, 219.9564, 22.79526, 0.1818556, 10, grab, 202.7392, 111.8001, 54.07816, 0, 21.96158, 15.22669, 0.03973361, 0.3671283, 0.3671283, 0.85373, 40.06575, 42.22822, -0.06322624, 0.06406663, 0.06406663, 0.9938779, 37.79206, 41.9177, -0.09777185, -0.01832258, -0.01832258, 0.9948715, 34.4249, 38.96452, -0.09672577, -0.09642878, -0.09642878, 0.9859245, 32.34642, 37.25466, -0.07692295, -0.2582524, -0.2582524, 0.9277361, -0.1952266, -0.06012016, -0.06012016, 0.9770659, -0.1087944, 0.04687229, 0.04687229, 76.54875, 38.27438, 0.0006128983, 0.1263575, 0.1263575, -0.9839041, 74.47543, 93.09429, 0.5789641, 0.1339522, 0.1339522, 0.7930412, 52.15908, 65.19886, 0.4178389, 0, 0, 0.9085211, 61.84638, 77.30798, 0.08639992, -0.08296578, -0.08296578, 0.9893273, 63.97976, 79.9747, 0.3854867, -0.2224151, -0.2224151, 0.8674463, 0, 0, 0, 1, 0, 0, 0
Unnamed, 219.9564, 25.03169, 0.0810907, 17, grab, 202.7392, 111.8001, 54.07816, 0, 44.50485, 24.79218, 0.001758484, 0.3965324, 0.3965324, 0.827962, 49.37767, 51.59094, -0.1157505, 0.04031758, 0.04031758, 0.9916405, 49.41941, 51.65181, -0.1322433, -0.07035113, -0.07035113, 0.9862115, 48.68599, 52.23146, -0.1111975, -0.1367957, -0.1367957, 0.9747866, 46.70119, 54.0038, -0.06253649, -0.2825858, -0.2825858, 0.914538, -0.02871102, 0.2662444, 0.2662444, 0.9259608, 0.04047956, -0.06460989, -0.06460989, 76.54875, 38.27438, 0.0006128983, 0.1263575, 0.1263575, -0.9839041, 74.47543, 93.09429, 0.5789641, 0.1339522, 0.1339522, 0.7930412, 52.15908, 65.19886, 0.4178389, 0, 0, 0.9085211, 61.84638, 77.30798, 0.08639992, -0.08296578, -0.08296578, 0.9893273, 63.97976, 79.9747, 0.3854867, -0.2224151, -0.2224151, 0.8674463, 0, 0, 0, 1, 0, 0, 0
Unnamed, 219.9564, 27.05313, 0.03848014, 15, grab, 202.7392, 111.8001, 54.07816, 0, 43.42032, 27.04546, 0.0007945744, 0.4295701, 0.4295701, 0.7943163, 48.19863, 53.07455, -0.04818388, 0.07627279, 0.07627279, 0.9929972, 45.57202, 50.58433, -0.03813341, -0.05046423, -0.05046423, 0.9967209, 44.39951, 50.80177, 0.01462787, -0.1346462, -0.1346462, 0.9815941, 42.21441, 54.50163, 0.09316215, -0.283365, -0.283365, 0.9114436, -0.01544322, 0.1068504, 0.1068504, 0.9883965, -0.02334198, -0.09032279, -0.09032279, 76.54875, 38.27438, 0.0006128983, 0.1263575, 0.1263575, -0.9839041, 74.47543, 93.09429, 0.5789641, 0.1339522, 0.1339522, 0.7930412, 52.15908, 65.19886, 0.4178389, 0, 0, 0.9085211, 61.84638, 77.30798, 0.08639992, -0.08296578, -0.08296578, 0.9893273, 63.97976, 79.9747, 0.3854867, -0.2224151, -0.2224151, 0.8674463, 0, 0, 0, 1, 0, 0, 0
Unnamed, 219.9564, 29.75323, 0.1253287, 9, grab, 202.7392, 111.8001, 54.07816, 0, 19.31135, 13.46215, 0.0698115, 0.3467265, 0.3467265, 0.8687277, 43.55274, 38.26706, -0.04808389, 0.06926575, 0.06926575, 0.9940284, 37.52477, 43.21894, -0.08680712, -0.01022655, -0.01022655, 0.9961202, 35.58003, 40.22567, -0.08523214, -0.08578139, -0.08578139, 0.9889482, 33.82105, 38.5842, -0.06808832, -0.2525742, -0.2525742, 0.9315453, -0.2312332, -0.1132935, -0.1132935, 0.9596148, -0.1486075, 0.03202653, 0.03202653, 76.54875, 38.27438, 0.0006128983, 0.1263575, 0.1263575, -0.9839041, 74.47543, 93.09429, 0.5789641, 0.1339522, 0.1339522, 0.7930412, 52.15908, 65.19886, 0.4178389, 0, 0, 0.9085211, 61.84638, 77.30798, 0.08639992, -0.08296578, -0.08296578, 0.9893273, 63.97976, 79.9747, 0.3854867, -0.2224151, -0.2224151, 0.8674463, 0, 0, 0, 1, 0, 0, 0
Unnamed, 219.9564, 32.12226, 0.1000814, 14, grab, 202.7392, 111.8001, 54.07816, 0, 45.39336, 29.44928, -0.008933927, 0.4299722, 0.4299722, 0.7938312, 50.27452, 56.68412, -0.03031747, 0.06748255, 0.06748255, 0.9949739, 47.07057, 52.4369, -0.03741579, -0.05657375, -0.05657375, 0.9960918, 45.08725, 51.39862, -0.0001997802, -0.1400222, -0.1400222, 0.9801977, 43.23756, 54.49811, 0.06740752, -0.2964543, -0.2964543, 0.9053651, -0.02202584, 0.01439337, 0.01439337, 0.9995502, -0.04585156, -0.09478278, -0.09478278, 76.54875, 38.27438, 0.0006128983, 0.1263575, 0.1263575, -0.9839041, 74.47543, 93.09429, 0.5789641, 0.1339522, 0.1339522, 0.7930412, 52.15908, 65.19886, 0.4178389, 0, 0, 0.9085211, 61.84638, 77.30798, 0.08639992, -0.08296578, -0.08296578, 0.9893273, 63.97976, 79.9747, 0.3854867, -0.2224151, -0.2224151, 0.8674463, 0, 0, 0, 1, 0, 0, 0
Unnamed, 219.9564, 33.81265, 0.04335877, 7, grab, 202.7392, 111.8001, 54.07816, 0, 29.0594, 20.64967, 0.06334052, 0.3443771, 0.3443771, 0.8710895, 47.32809, 53.1049, -0.1453372, 0.03424369, 0.03424369, 0.9881963, 46.344, 53.06872, -0.1800467, -0.05586331, -0.05586331, 0.9804804, 43.93547, 51.09869, -0.1585893, -0.1235713, -0.1235713, 0.971756, 40.1695, 48.99358, -0.1118153, -0.2894257, -0.2894257, 0.9055181, -0.1953938, 0.05001378, 0.05001378, 0.978171, -0.06319047, 0.01815128, 0.01815128, 76.54875, 38.27438, 0.0006128983, 0.1263575, 0.1263575, -0.9839041, 74.47543, 93.09429, 0.5789641, 0.1339522, 0.1339522, 0.7930412, 52.15908, 65.19886, 0.4178389, 0, 0, 0.9085211, 61.84638, 77.30798, 0.08639992, -0.08296578, -0.08296578, 0.9893273, 63.97976, 79.9747, 0.3854867, -0.2224151, -0.2224151, 0.8674463, 0, 0, 0, 1, 0, 0, 0
Unnamed, 219.9564, 35.43563, 0.07663988, 3, grab, 202.7392, 111.8001, 54.07816, 0, 43.623, 27.53587, 0.0019853, 0.3678826, 0.3678826, 0.8540029, 52.90285, 58.91993, -0.1116618, 0.008324076, 0.008324076, 0.9936765, 52.50803, 58.47775, -0.1338297, -0.08311234, -0.08311234, 0.9840093, 50.91629, 57.92719, -0.1172789, -0.1275019, -0.1275019, 0.9765921, 48.30081, 58.75471, -0.09116866, -0.2635756, -0.2635756, 0.9234415, -0.08436451, 0.2605524, 0.2605524, 0.925801, 0.01016918, -0.04252711, -0.04252711, 76.54875, 38.27438, 0.0006128983, 0.1263575, 0.1263575, -0.9839041, 74.47543, 93.09429, 0.5789641, 0.1339522, 0.1339522, 0.7930412, 52.15908, 65.19886, 0.4178389, 0, 0, 0.9085211, 61.84638, 77.30798, 0.08639992, -0.08296578, -0.08296578, 0.9893273, 63.97976, 79.9747, 0.3854867, -0.2224151, -0.2224151, 0.8674463, 0, 0, 0, 1, 0, 0, 0
Unnamed, 219.9564, 36.9103, 0.0826092, 2, grab, 202.7392, 111.8001, 54.07816, 0, 43.78782, 25.98427, -0.003351533, 0.382301, 0.382301, 0.8412376, 51.93487, 57.14283, -0.1180278, 0.01614649, 0.01614649, 0.9927477, 51.93859, 56.98763, -0.1390893, -0.08096728, -0.08096728, 0.9836375, 50.79534, 57.21168, -0.1211044, -0.1321175, -0.1321175, 0.9748967, 47.90744, 57.95774, -0.08563515, -0.2700811, -0.2700811, 0.920206, -0.08743931, 0.1987712, 0.1987712, 0.9556853, -0.003111899, -0.03242692, -0.03242692, 76.54875, 38.27438, 0.0006128983, 0.1263575, 0.1263575, -0.9839041, 74.47543, 93.09429, 0.5789641, 0.1339522, 0.1339522, 0.7930412, 52.15908, 65.19886, 0.4178389, 0, 0, 0.9085211, 61.84638, 77.30798, 0.08639992, -0.08296578, -0.08296578, 0.9893273, 63.97976, 79.9747, 0.3854867, -0.2224151, -0.2224151, 0.8674463, 0, 0, 0, 1, 0, 0, 0
Unnamed, 219.9564, 38.2858, 0.1107174, 6, grab, 202.7392, 111.8001, 54.07816, 0, 33.5963, 23.21284, 0.04913019, 0.3550011, 0.3550011, 0.8634436, 48.6083, 54.41574, -0.1406136, 0.02424099, 0.02424099, 0.9894709, 46.83868, 53.92242, -0.166795, -0.06388248, -0.06388248, 0.981844, 44.29369, 51.24638, -0.1465396, -0.1230469, -0.1230469, 0.9737788, 40.97516, 49.16679, -0.1153392, -0.2808273, -0.2808273, 0.9104773, -0.1839586, 0.1348555, 0.1348555, 0.9642548, -0.02470716, 0.01368243, 0.01368243, 76.54875, 38.27438, 0.0006128983, 0.1263575, 0.1263575, -0.9839041, 74.47543, 93.09429, 0.5789641, 0.1339522, 0.1339522, 0.7930412, 52.15908, 65.19886, 0.4178389, 0, 0, 0.9085211, 61.84638, 77.30798, 0.08639992, -0.08296578, -0.08296578, 0.9893273, 63.97976, 79.9747, 0.3854867, -0.2224151, -0.2224151, 0.8674463, 0, 0, 0, 1, 0, 0, 0
Unnamed, 219.9564, 39.9915, 0.09484324, 0, grab, 202.7392, 111.8001, 54.07816, 0, 30.87301, 19.93946, 0.06279197, 0.3445983, 0.3445983, 0.8709542, 47.27313, 51.94099, -0.1695037, 0.02490373, 0.02490373, 0.9849001, 47.75772, 52.81452, -0.1962825, -0.06782911, -0.06782911, 0.9758441, 46.63195, 51.76392, -0.1741202, -0.1297245, -0.1297245, 0.967484, 43.35872, 51.77568, -0.116477, -0.2834811, -0.2834811, 0.9086859, -0.09468783, 0.02915354, 0.02915354, 0.9946529, -0.06857864, -0.009661168, -0.009661168, 76.54875, 38.27438, 0.0006128983, 0.1263575, 0.1263575, -0.9839041, 74.47543, 93.09429, 0.5789641, 0.1339522, 0.1339522, 0.7930412, 52.15908, 65.19886, 0.4178389, 0, 0, 0.9085211, 61.84638, 77.30798, 0.08639992, -0.08296578, -0.08296578, 0.9893273, 63.97976, 79.9747, 0.3854867, -0.2224151, -0.2224151, 0.8674463, 0, 0, 0, 1, 0, 0, 0
Unnamed, 219.9564, 43.37112, 0.1094729, 12, grab, 202.7392, 111.8001, 54.07816, 0, 18.50777, 18.9576, 0.08857857, 0.3287055, 0.3287055, 0.8809423, 36.51025, 43.64081, -0.1091637, 0.02805803, 0.02805803, 0.9932315, 36.51792, 42.5303, -0.1606231, -0.05760797, -0.05760797, 0.9836478, 35.49986, 42.58703, -0.1242602, -0.1298465, -0.1298465, 0.9751099, 33.8402, 46.70539, -0.01626103, -0.2837171, -0.2837171, 0.9158301, -0.03201719, -0.1755282, -0.1755282, 0.9681708, -0.1263008, -0.03563139, -0.03563139, 76.54875, 38.27438, 0.0006128983, 0.1263575, 0.1263575, -0.9839041, 74.47543, 93.09429, 0.5789641, 0.1339522, 0.1339522, 0.7930412, 52.15908, 65.19886, 0.4178389, 0, 0, 0.9085211, 61.84638, 77.30798, 0.08639992, -0.08296578, -0.08296578, 0.9893273, 63.97976, 79.9747, 0.3854867, -0.2224151, -0.2224151, 0.8674463, 0, 0, 0, 1, 0, 0, 0
Unnamed, 219.9564, 48.00985, 0.1359835, 4, grab, 202.7392, 111.8001, 54.07816, 0, 18.16482, 19.57142, 0.09685794, 0.3186715, 0.3186715, 0.8874208, 40.54332, 36.7888, -0.1544823, 0.03879558, 0.03879558, 0.986471, 31.20954, 36.23635, -0.1738256, -0.05546991, -0.05546991, 0.981647, 34.84142, 41.32769, -0.09284561, -0.1287563, -0.1287563, 0.9788889, 31.33003, 45.37851, 0.01205855, -0.2370945, -0.2370945, 0.9420334, -0.1606812, 0.2637438, 0.2637438, 0.9138162, -0.001751937, 0.02193081, 0.02193081, 76.54875, 38.27438, 0.0006128983, 0.1263575, 0.1263575, -0.9839041, 74.47543, 93.09429, 0.5789641, 0.1339522, 0.1339522, 0.7930412, 52.15908, 65.19886, 0.4178389, 0, 0, 0.9085211, 61.84638, 77.30798, 0.08639992, -0.08296578, -0.08296578, 0.9893273, 63.97976, 79.9747, 0.3854867, -0.2224151, -0.2224151, 0.8674463, 0, 0, 0, 1, 0, 0, 0
Unnamed, 390.1883, 0.5961543, 0.08494315, 6, flat, 137.869, 203.7578, 38.12253, 4.153259, 12.50222, 12.21279, -0.1646317, 0.3139475, 0.3139475, 0.8807783, 12.1533, 9.4554, -0.1721442, 0.003722541, 0.003722541, 0.9850577, 13.73214, 12.76594, -0.1587406, -0.05298872, -0.05298872, 0.9844724, 14.25412, 12.83204, -0.1494027, -0.1047665, -0.1047665, 0.9776129, 14.65928, 13.70236, -0.178952, -0.2124534, -0.2124534, 0.9368582, -0.177489, 0.128792, 0.128792, 0.9671209, 0.01332819, -0.05582291, -0.05582291, 21.9551, 10.97755, -0.3339897, 0.2512552, 0.2512552, -0.8730364, 25.88409, 32.35511, 0.1260088, 0.07684571, 0.07684571, 0.9860585, 12.20798, 15.25997, -0.03623632, 0, 0, 0.9993433, 41.35883, 51.69854, 0.2968269, -0.03709751, -0.03709751, 0.9534891, 11.48228, 14.35285, 0.6444184, -0.08840957, -0.08840957, 0.7543821, 0, 0, 0, 1, 0, 0, 0
Unnamed, 390.1883, 3.677553, 0.09215196, 17, flat, 137.869, 203.7578, 38.12253, 4.153259, 22.62597, 6.238725, -0.201147, 0.3171176, 0.3171176, 0.870869, 11.14369, 11.14281, -0.1186755, -0.03592244, -0.03592244, 0.9916326, 15.19736, 15.59661, -0.124796, -0.0835766, -0.0835766, 0.9851172, 15.40087, 14.83382, -0.1360309, -0.1330074, -0.1330074, 0.9726837, 15.72563, 15.09947, -0.1721772, -0.2344919, -0.2344919, 0.9275678, -0.002063679, 0.273275, 0.273275, 0.9223, 0.02548884, -0.08531244, -0.08531244, 21.9551, 10.97755, -0.3339897, 0.2512552, 0.2512552, -0.8730364, 25.88409, 32.35511, 0.1260088, 0.07684571, 0.07684571, 0.9860585, 12.20798, 15.25997, -0.03623632, 0, 0, 0.9993433, 41.35883, 51.69854, 0.2968269, -0.03709751, -0.03709751, 0.9534891, 11.48228, 14.35285, 0.6444184, -0.08840957, -0.08840957, 0.7543821, 0, 0, 0, 1, 0, 0, 0
Unnamed, 390.1883, 4.920062, 0.06382108, 16, flat, 137.869, 203.7578, 38.12253, 4.153259, 22.66272, 6.447193, -0.2140569, 0.320541, 0.320541, 0.8652667, 10.01186, 10.09952, -0.07302278, -0.0431077, -0.0431077, 0.9954653, 13.67911, 14.50681, -0.07166605, -0.096304, -0.096304, 0.9880866, 13.6054, 13.72876, -0.07275525, -0.1474032, -0.1474032, 0.9753211, 14.0962, 14.11413, -0.1120179, -0.2469621, -0.2469621, 0.9303072, -0.008634288, 0.1899891, 0.1899891, 0.9631894, 0.02161718, -0.09114957, -0.09114957, 21.9551, 10.97755, -0.3339897, 0.2512552, 0.2512552, -0.8730364, 25.88409, 32.35511, 0.1260088, 0.07684571, 0.07684571, 0.9860585, 12.20798, 15.25997, -0.03623632, 0, 0, 0.9993433, 41.35883, 51.69854, 0.2968269, -0.03709751, -0.03709751, 0.9534891, 11.48228, 14.35285, 0.6444184, -0.08840957, -0.08840957, 0.7543821, 0, 0, 0, 1, 0, 0, 0
Unnamed, 390.1883, 7.405292, 0.07164771, 9, flat, 137.869, 203.7578, 38.12253, 4.153259, 10.21885, 2.388927, -0.140801, 0.3765, 0.3765, 0.8346679, 9.959314, 8.631923, -0.1605881, 0.06646484, 0.06646484, 0.9825357, 11.58658, 10.63937, -0.1685017, -0.03934725, -0.03934725, 0.9841295, 11.96804, 9.764526, -0.1729644, -0.1273153, -0.1273153, 0.968331, 12.39204, 10.09107, -0.1781266, -0.311495, -0.311495, 0.8798935, -0.2483866, -0.1131302, -0.1131302, 0.9553571, -0.09132627, -0.0257456, -0.0257456, 21.9551, 10.97755, -0.3339897, 0.2512552, 0.2512552, -0.8730364, 25.88409, 32.35511, 0.1260088, 0.07684571, 0.07684571, 0.9860585, 12.20798, 15.25997, -0.03623632, 0, 0, 0.9993433, 41.35883, 51.69854, 0.2968269, -0.03709751, -0.03709751, 0.9534891, 11.48228, 14.35285, 0.6444184, -0.08840957, -0.08840957, 0.7543821, 0, 0, 0, 1, 0, 0, 0
Unnamed, 390.1883, 9.906622, 0.07782249, 3, flat, 137.869, 203.7578, 38.12253, 4.153259, 16.96184, 4.970629, -0.144226, 0.3422199, 0.3422199, 0.8631164, 9.399921, 7.537702, -0.1634153, -0.0253837, -0.0253837, 0.9859041, 12.00006, 10.74664, -0.1591291, -0.07609034, -0.07609034, 0.9813758, 13.00938, 11.38148, -0.1511939, -0.1395508, -0.1395508, 0.968603, 13.12159, 12.58409, -0.1696779, -0.2418976, -0.2418976, 0.9242189, -0.08220235, 0.2693733, 0.2693733, 0.9209337, -0.002508685, -0.05902757, -0.05902757, 21.9551, 10.97755, -0.3339897, 0.2512552, 0.2512552, -0.8730364, 25.88409, 32.35511, 0.1260088, 0.07684571, 0.07684571, 0.9860585, 12.20798, 15.25997, -0.03623632, 0, 0, 0.9993433, 41.35883, 51.69854, 0.2968269, -0.03709751, -0.03709751, 0.9534891, 11.48228, 14.35285, 0.6444184, -0.08840957, -0.08840957, 0.7543821, 0, 0, 0, 1, 0, 0, 0
Unnamed, 390.1883, 12.04371, 0.0534438, 0, flat, 137.869, 203.7578, 38.12253, 4.153259, 18.75193, 5.244039, -0.1860896, 0.3289961, 0.3289961, 0.8653865, 7.961858, 6.155427, -0.1258744, -0.01966452, -0.01966452, 0.9916564, 9.685294, 10.01302, -0.09654021, -0.08862674, -0.08862674, 0.987406, 10.29658, 10.78908, -0.05478124, -0.1443902, -0.1443902, 0.9773955, 10.57524, 10.67988, -0.09160631, -0.2553258, -0.2553258, 0.9280226, -0.1064291, 0.01159224, 0.01159224, 0.9941851, -0.009477533, -0.06607339, -0.06607339, 21.9551, 10.97755, -0.3339897, 0.2512552, 0.2512552, -0.8730364, 25.88409, 32.35511, 0.1260088, 0.07684571, 0.07684571, 0.9860585, 12.20798, 15.25997, -0.03623632, 0, 0, 0.9993433, 41.35883, 51.69854, 0.2968269, -0.03709751, -0.03709751, 0.9534891, 11.48228, 14.35285, 0.6444184, -0.08840957, -0.08840957, 0.7543821, 0, 0, 0, 1, 0, 0, 0
Unnamed, 390.1883, 13.36925, 0.1134721, 5, flat, 137.869, 203.7578, 38.12253, 4.153259, 15.23733, 6.751743, -0.1282472, 0.3445571, 0.3445571, 0.8637786, 11.52885, 8.196207, -0.1700812, -0.01322462, -0.01322462, 0.9852526, 13.13987, 11.91823, -0.1407908, -0.0705389, -0.0705389, 0.9850008, 13.82068, 12.68895, -0.1098301, -0.1286225, -0.1286225, 0.9771642, 13.58244, 13.34144, -0.1370654, -0.2284682, -0.2284682, 0.9363854, -0.1590569, 0.2102528, 0.2102528, 0.941429, 0.0072001, -0.05597565, -0.05597565, 21.9551, 10.97755, -0.3339897, 0.2512552, 0.2512552, -0.8730364, 25.88409, 32.35511, 0.1260088, 0.07684571, 0.07684571, 0.9860585, 12.20798, 15.25997, -0.03623632, 0, 0, 0.9993433, 41.35883, 51.69854, 0.2968269, -0.03709751, -0.03709751, 0.9534891, 11.48228, 14.35285, 0.6444184, -0.08840957, -0.08840957, 0.7543821, 0, 0, 0, 1, 0, 0, 0
Unnamed, 390.1883, 16.68264, 0.120575, 12, flat, 137.869, 203.7578, 38.12253, 4.153259, 16.14966, 1.604375, -0.1830175, 0.3504954, 0.3504954, 0.8490056, 3.60087, 3.219297, -0.06842697, -0.04121744, -0.04121744, 0.9959518, 4.256021, 6.038191, -0.02431857, -0.108081, -0.108081, 0.9879502, 5.11029, 6.633682, 0.03342599, -0.1549138, -0.1549138, 0.9751339, 6.313357, 6.994903, -0.01159664, -0.2580736, -0.2580736, 0.9309466, -0.0243845, -0.1935272, -0.1935272, 0.9615092, -0.0760629, -0.05731754, -0.05731754, 21.9551, 10.97755, -0.3339897, 0.2512552, 0.2512552, -0.8730364, 25.88409, 32.35511, 0.1260088, 0.07684571, 0.07684571, 0.9860585, 12.20798, 15.25997, -0.03623632, 0, 0, 0.9993433, 41.35883, 51.69854, 0.2968269, -0.03709751, -0.03709751, 0.9534891, 11.48228, 14.35285, 0.6444184, -0.08840957, -0.08840957, 0.7543821, 0, 0, 0, 1, 0, 0, 0
Unnamed, 390.1883, 19.83016, 0.1524881, 2, flat, 137.869, 203.7578, 38.12253, 4.153259, 18.04975, 3.27369, -0.1526719, 0.353204, 0.353204, 0.8527516, 8.823119, 7.732206, -0.1445331, -0.0414084, -0.0414084, 0.9877656, 11.95053, 11.74504, -0.1453114, -0.09442092, -0.09442092, 0.9803337, 12.70858, 11.98, -0.1422043, -0.153258, -0.153258, 0.9658167, 13.25337, 13.19708, -0.1574398, -0.2803245, -0.2803245, 0.9044607, -0.06756551, 0.2033067, 0.2033067, 0.9553888, -0.0245523, -0.0306001, -0.0306001, 21.9551, 10.97755, -0.3339897, 0.2512552, 0.2512552, -0.8730364, 25.88409, 32.35511, 0.1260088, 0.07684571, 0.07684571, 0.9860585, 12.20798, 15.25997, -0.03623632, 0, 0, 0.9993433, 41.35883, 51.69854, 0.2968269, -0.03709751, -0.03709751, 0.9534891, 11.48228, 14.35285, 0.6444184, -0.08840957, -0.08840957, 0.7543821, 0, 0, 0, 1, 0, 0, 0
Unnamed, 390.1883, 21.7195, 0.1300747, 7, flat, 137.869, 203.7578, 38.12253, 4.153259, 10.62738, 9.190882, -0.1724747, 0.3266865, 0.3266865, 0.869945, 10.98675, 8.180406, -0.1777692, -0.006581795, -0.006581795, 0.9840282, 12.29902, 10.65887, -0.1724704, -0.07893772, -0.07893772, 0.9786683, 12.14741, 10.12648, -0.1682761, -0.1384708, -0.1384708, 0.9660926, 12.07966, 10.71482, -0.1842241, -0.2781896, -0.2781896, 0.9007123, -0.1878169, 0.03294892, 0.03294892, 0.9810982, -0.03583033, -0.004833817, -0.004833817, 21.9551, 10.97755, -0.3339897, 0.2512552, 0.2512552, -0.8730364, 25.88409, 32.35511, 0.1260088, 0.07684571, 0.07684571, 0.9860585, 12.20798, 15.25997, -0.03623632, 0, 0, 0.9993433, 41.35883, 51.69854, 0.2968269, -0.03709751, -0.03709751, 0.9534891, 11.48228, 14.35285, 0.6444184, -0.08840957, -0.08840957, 0.7543821, 0, 0, 0, 1, 0, 0, 0
Unnamed, 390.1883, 23.12684, 0.1059468, 10, flat, 137.869, 203.7578, 38.12253, 4.153259, 8.370953, 10.29132, -0.1594219, 0.3471498, 0.3471498, 0.8564804, 11.88939, 10.19082, -0.158974, 0.01424338, 0.01424338, 0.9870773, 13.35435, 12.90731, -0.1426086, -0.06916704, -0.06916704, 0.9849339, 13.70329, 12.89038, -0.1197702, -0.1282189, -0.1282189, 0.9761019, 14.18728, 13.5277, -0.1386794, -0.2609678, -0.2609678, 0.9189993, -0.214926, -0.06617329, -0.06617329, 0.9721363, -0.04489727, 0.008701444, 0.008701444, 21.9551, 10.97755, -0.3339897, 0.2512552, 0.2512552, -0.8730364, 25.88409, 32.35511, 0.1260088, 0.07684571, 0.07684571, 0.9860585, 12.20798, 15.25997, -0.03623632, 0, 0, 0.9993433, 41.35883, 51.69854, 0.2968269, -0.03709751, -0.03709751, 0.9534891, 11.48228, 14.35285, 0.6444184, -0.08840957, -0.08840957, 0.7543821, 0, 0, 0, 1, 0, 0, 0
Unnamed, 390.1883, 24.60146, 0.08482495, 8, flat, 137.869, 203.7578, 38.12253, 4.153259, 15.70811, 4.698279, -0.2153777, 0.3412745, 0.3412745, 0.8489263, 8.469883, 6.495432, -0.1541118, -0.005535651, -0.005535651, 0.9880224, 9.499846, 9.620691, -0.1114734, -0.08567638, -0.08567638, 0.9863533, 10.49381, 10.7143, -0.0607846, -0.1421011, -0.1421011, 0.9777116, 10.88135, 10.99798, -0.09667409, -0.2497958, -0.2497958, 0.9305151, -0.1140912, -0.08159195, -0.08159195, 0.9867465, -0.04297188, -0.01159361, -0.01159361, 21.9551, 10.97755, -0.3339897, 0.2512552, 0.2512552, -0.8730364, 25.88409, 32.35511, 0.1260088, 0.07684571, 0.07684571, 0.9860585, 12.20798, 15.25997, -0.03623632, 0, 0, 0.9993433, 41.35883, 51.69854, 0.2968269, -0.03709751, -0.03709751, 0.9534891, 11.48228, 14.35285, 0.6444184, -0.08840957, -0.08840957, 0.7543821, 0, 0, 0, 1, 0, 0, 0
Unnamed, 390.1883, 26.97034, 0.1262015, 4, flat, 137.869, 203.7578, 38.12253, 4.153259, 14.83589, 3.70359, -0.08334077, 0.3578008, 0.3578008, 0.8584937, 10.86732, 9.666601, -0.1793877, 0.003364378, 0.003364378, 0.983767, 13.52063, 12.24376, -0.1938958, -0.05804308, -0.05804308, 0.977582, 13.98882, 12.23877, -0.1963938, -0.1226447, -0.1226447, 0.9650627, 14.07513, 13.4143, -0.2129894, -0.22807, -0.22807, 0.9222818, -0.1461718, 0.2797946, 0.2797946, 0.9066774, -0.01168278, 0.01098934, 0.01098934, 21.9551, 10.97755, -0.3339897, 0.2512552, 0.2512552, -0.8730364, 25.88409, 32.35511, 0.1260088, 0.07684571, 0.07684571, 0.9860585, 12.20798, 15.25997, -0.03623632, 0, 0, 0.9993433, 41.35883, 51.69854, 0.2968269, -0.03709751, -0.03709751, 0.9534891, 11.48228, 14.35285, 0.6444184, -0.08840957, -0.08840957, 0.7543821, 0, 0, 0, 1, 0, 0, 0
Unnamed, 390.1883, 28.70984, 0.02216815, 11, flat, 137.869, 203.7578, 38.12253, 4.153259, 8.951332, 7.939142, -0.2137459, 0.3233676, 0.3233676, 0.8632378, 5.642919, 3.239121, -0.1785894, 0.01633151, 0.01633151, 0.9836527, 5.685307, 5.609653, -0.1391377, -0.06389793, -0.06389793, 0.9861414, 5.646947, 5.48448, -0.1105106, -0.1329554, -0.1329554, 0.9759268, 6.617284, 5.990637, -0.1436189, -0.2868339, -0.2868339, 0.9026773, -0.1316551, -0.1715928, -0.1715928, 0.9611341, -0.07093691, -0.008110315, -0.008110315, 21.9551, 10.97755, -0.3339897, 0.2512552, 0.2512552, -0.8730364, 25.88409, 32.35511, 0.1260088, 0.07684571, 0.07684571, 0.9860585, 12.20798, 15.25997, -0.03623632, 0, 0, 0.9993433, 41.35883, 51.69854, 0.2968269, -0.03709751, -0.03709751, 0.9534891, 11.48228, 14.35285, 0.6444184, -0.08840957, -0.08840957, 0.7543821, 0, 0, 0, 1, 0, 0, 0
Unnamed, 390.1883, 30.43358, 0.07153012, 15, flat, 137.869, 203.7578, 38.12253, 4.153259, 9.850496, 4.738054, -0.1784659, 0.3661831, 0.3661831, 0.836642, 8.109102, 6.35067, -0.1357646, -0.03160252, -0.03160252, 0.9897326, 10.28941, 10.44647, -0.1232385, -0.1020679, -0.1020679, 0.9818231, 10.56675, 11.60106, -0.09858766, -0.162311, -0.162311, 0.9682927, 11.90787, 12.95814, -0.1065568, -0.3304848, -0.3304848, 0.8776134, 0.014901, 0.1088995, 0.1088995, 0.9879574, -0.03798214, -0.03420842, -0.03420842, 21.9551, 10.97755, -0.3339897, 0.2512552, 0.2512552, -0.8730364, 25.88409, 32.35511, 0.1260088, 0.07684571, 0.07684571, 0.9860585, 12.20798, 15.25997, -0.03623632, 0, 0, 0.9993433, 41.35883, 51.69854, 0.2968269, -0.03709751, -0.03709751, 0.9534891, 11.48228, 14.35285, 0.6444184, -0.08840957, -0.08840957, 0.7543821, 0, 0, 0, 1, 0, 0, 0
Unnamed, 390.1883, 31.72499, 0.1560208, 13, flat, 137.869, 203.7578, 38.12253, 4.153259, 9.841389, 7.10335, -0.2008747, 0.3387399, 0.3387399, 0.854494, 5.164598, 5.235026, -0.05181735, -0.03977722, -0.03977722, 0.997071, 5.991357, 7.855204, -0.03824029, -0.1044586, -0.1044586, 0.9882887, 5.69175, 7.269197, -0.02912897, -0.1565147, -0.1565147, 0.9747604, 6.529967, 8.429652, -0.04806291, -0.3273707, -0.3273707, 0.8850688, -0.007538098, -0.08968567, -0.08968567, 0.9918953, -0.0606591, -0.03883207, -0.03883207, 21.9551, 10.97755, -0.3339897, 0.2512552, 0.2512552, -0.8730364, 25.88409, 32.35511, 0.1260088, 0.07684571, 0.07684571, 0.9860585, 12.20798, 15.25997, -0.03623632, 0, 0, 0.9993433, 41.35883, 51.69854, 0.2968269, -0.03709751, -0.03709751, 0.9534891, 11.48228, 14.35285, 0.6444184, -0.08840957, -0.08840957, 0.7543821, 0, 0, 0, 1, 0, 0, 0
Unnamed, 390.1883, 32.95092, 0.1417791, 14, flat, 137.869, 203.7578, 38.12253, 4.153259, 14.27437, 5.990114, -0.2069184, 0.3329203, 0.3329203, 0.8576205, 7.888841, 6.222236, -0.126226, -0.0427292, -0.0427292, 0.9901593, 9.746549, 9.872312, -0.1205002, -0.1052353, -0.1052353, 0.9814942, 9.778954, 10.06992, -0.1099121, -0.1682416, -0.1682416, 0.9650435, 11.65205, 11.77283, -0.1194308, -0.3265559, -0.3265559, 0.8788964, 0.003566306, 0.01936478, 0.01936478, 0.9996186, -0.04960835, -0.03510106, -0.03510106, 21.9551, 10.97755, -0.3339897, 0.2512552, 0.2512552, -0.8730364, 25.88409, 32.35511, 0.1260088, 0.07684571, 0.07684571, 0.9860585, 12.20798, 15.25997, -0.03623632, 0, 0, 0.9993433, 41.35883, 51.69854, 0.2968269, -0.03709751, -0.03709751, 0.9534891, 11.48228, 14.35285, 0.6444184, -0.08840957, -0.08840957, 0.7543821, 0, 0, 0, 1, 0, 0, 0
Unnamed, 390.1883, 33.94492, 0.1932298, 1, flat, 137.869, 203.7578, 38.12253, 4.153259, 13.33015, 6.517012, -0.1787243, 0.323622, 0.323622, 0.8709738, 7.331254, 4.880701, -0.1636286, -0.0143328, -0.0143328, 0.9863138, 8.435964, 8.298034, -0.1426333, -0.08360758, -0.08360758, 0.9826878, 8.335597, 8.114088, -0.1241267, -0.1455544, -0.1455544, 0.9706804, 9.307003, 8.978069, -0.144732, -0.3013707, -0.3013707, 0.8929749, -0.09131353, 0.1049553, 0.1049553, 0.9846982, -0.03783352, -0.01728097, -0.01728097, 21.9551, 10.97755, -0.3339897, 0.2512552, 0.2512552, -0.8730364, 25.88409, 32.35511, 0.1260088, 0.07684571, 0.07684571, 0.9860585, 12.20798, 15.25997, -0.03623632, 0, 0, 0.9993433, 41.35883, 51.69854, 0.2968269, -0.03709751, -0.03709751, 0.9534891, 11.48228, 14.35285, 0.6444184, -0.08840957, -0.08840957, 0.7543821, 0, 0, 0, 1, 0, 0, 0
Unnamed, 767.3676, 2.960632, 0.01568986, 6, flat, 184.5712, 407.1783, 78.30006, 0, 19.0244, 10.16351, -0.1654322, 0.3105214, 0.3105214, 0.8830544, 9.65834, 9.496431, -0.07800902, -0.04860566, -0.04860566, 0.9945801, 12.78122, 13.45584, -0.07881857, -0.107678, -0.107678, 0.9851896, 13.59965, 14.62857, -0.05096023, -0.159256, -0.159256, 0.9729739, 14.02568, 15.79412, -0.05322824, -0.2629937, -0.2629937, 0.9267337, -0.19125, 0.1101122, 0.1101122, 0.96911, -0.04929195, -0.06252873, -0.06252873, 78.71435, 39.35717, -0.2516071, -0.02801732, -0.02801732, -0.9670181, 50.25995, 62.82494, 0.2010182, 0.2203776, 0.2203776, 0.9286868, 6.800843, 8.501054, 0.02047259, 0, 0, 0.9997904, 69.39996, 86.74995, 0.6331601, -0.08936441, -0.08936441, 0.7636337, 75.85252, 94.81565, 0.375107, -0.3002957, -0.3002957, 0.823978, 0, 0, 0, 1, 0, 0, 0
Unnamed, 767.3676, 4.539405, 0.05943067, 16, flat, 184.5712, 407.1783, 78.30006, 0, 24.73433, 1.07974, -0.1688789, 0.3329675, 0.3329675, 0.8658783, 9.346787, 10.88924, 0.1208512, -0.02102527, -0.02102527, 0.9922253, 10.9535, 13.82674, 0.1312822, -0.1070312, -0.1070312, 0.9797212, 11.56654, 13.8147, 0.1289515, -0.1573637, -0.1573637, 0.9663565, 11.31891, 13.82477, 0.1052475, -0.2632666, -0.2632666, 0.9221196, -0.01645885, 0.195308, 0.195308, 0.9609572, -0.04043934, -0.0913204, -0.0913204, 78.71435, 39.35717, -0.2516071, -0.02801732, -0.02801732, -0.9670181, 50.25995, 62.82494, 0.2010182, 0.2203776, 0.2203776, 0.9286868, 6.800843, 8.501054, 0.02047259, 0, 0, 0.9997904, 69.39996, 86.74995, 0.6331601, -0.08936441, -0.08936441, 0.7636337, 75.85252, 94.81565, 0.375107, -0.3002957, -0.3002957, 0.823978, 0, 0, 0, 1, 0, 0, 0
Unnamed, 767.3676, 6.734323, 0.0625644, 10, flat, 184.5712, 407.1783, 78.30006, 0, 12.57187, 9.770988, -0.1922843, 0.342763, 0.342763, 0.8532607, 9.955621, 10.45466, -0.03856483, -0.06091047, -0.06091047, 0.9955363, 12.00091, 12.87694, -0.03075263, -0.1236642, -0.1236642, 0.9841081, 12.50103, 13.45017, -0.007175982, -0.1738894, -0.1738894, 0.9692644, 12.78603, 14.70038, -0.0134876, -0.2889827, -0.2889827, 0.9125767, -0.213717, -0.06362133, -0.06362133, 0.9727434, -0.1115913, -0.03620329, -0.03620329, 78.71435, 39.35717, -0.2516071, -0.02801732, -0.02801732, -0.9670181, 50.25995, 62.82494, 0.2010182, 0.2203776, 0.2203776, 0.9286868, 6.800843, 8.501054, 0.02047259, 0, 0, 0.9997904, 69.39996, 86.74995, 0.6331601, -0.08936441, -0.08936441, 0.7636337, 75.85252, 94.81565, 0.375107, -0.3002957, -0.3002957, 0.823978, 0, 0, 0, 1, 0, 0, 0
Unnamed, 767.3676, 8.278587, 0.1648851, 5, flat, 184.5712, 407.1783, 78.30006, 0, 19.91423, 8.668911, -0.1651303, 0.3094242, 0.3094242, 0.8838809, 10.39813, 9.745217, -0.1089451, -0.05093831, -0.05093831, 0.9914342, 13.64467, 14.21323, -0.1073426, -0.1093911, -0.1093911, 0.9821124, 14.87033, 16.28376, -0.07009985, -0.1654437, -0.1654437, 0.9697127, 15.14112, 16.91731, -0.07911866, -0.2782654, -0.2782654, 0.9159024, -0.1613693, 0.1988778, 0.1988778, 0.9459679, -0.07461554, -0.04396302, -0.04396302, 78.71435, 39.35717, -0.2516071, -0.02801732, -0.02801732, -0.9670181, 50.25995, 62.82494, 0.2010182, 0.2203776, 0.2203776, 0.9286868, 6.800843, 8.501054, 0.02047259, 0, 0, 0.9997904, 69.39996, 86.74995, 0.6331601, -0.08936441, -0.08936441, 0.7636337, 75.85252, 94.81565, 0.375107, -0.3002957, -0.3002957, 0.823978, 0, 0, 0, 1, 0, 0, 0
Unnamed, 767.3676, 9.573345, 0.1413314, 4, flat, 184.5712, 407.1783, 78.30006, 0, 24.23801, 6.856609, -0.1656084, 0.2988852, 0.2988852, 0.8910158, 9.592266, 9.350214, -0.1214666, -0.03941238, -0.03941238, 0.9910294, 13.00609, 13.74103, -0.1322841, -0.09768161, -0.09768161, 0.9815384, 13.85327, 14.7958, -0.1097094, -0.1548167, -0.1548167, 0.9695501, 14.17682, 15.66594, -0.1218521, -0.26358, -0.26358, 0.919893, -0.1417141, 0.286845, 0.286845, 0.9029712, -0.05940258, -0.04660603, -0.04660603, 78.71435, 39.35717, -0.2516071, -0.02801732, -0.02801732, -0.9670181, 50.25995, 62.82494, 0.2010182, 0.2203776, 0.2203776, 0.9286868, 6.800843, 8.501054, 0.02047259, 0, 0, 0.9997904, 69.39996, 86.74995, 0.6331601, -0.08936441, -0.08936441, 0.7636337, 75.85252, 94.81565, 0.375107, -0.3002957, -0.3002957, 0.823978, 0, 0, 0, 1, 0, 0, 0
Unnamed, 767.3676, 11.08703, 0.07320361, 13, idle, 184.5712, 407.1783, 78.30006, 0, 14.67797, 5.104343, -0.1476766, 0.3713082, 0.3713082, 0.8381242, 11.31665, 13.37603, 0.1464111, -0.02942562, -0.02942562, 0.9883482, 11.60997, 13.63578, 0.1347595, -0.1117448, -0.1117448, 0.9781953, 12.26304, 14.54088, 0.135754, -0.1661521, -0.1661521, 0.9624748, 12.96963, 15.89889, 0.1214416, -0.2863559, -0.2863559, 0.9062299, -0.01506703, -0.08524626, -0.08524626, 0.9925922, -0.1006192, -0.1087346, -0.1087346, 78.71435, 39.35717, -0.2516071, -0.02801732, -0.02801732, -0.9670181, 50.25995, 62.82494, 0.2010182, 0.2203776, 0.2203776, 0.9286868, 6.800843, 8.501054, 0.02047259, 0, 0, 0.9997904, 69.39996, 86.74995, 0.6331601, -0.08936441, -0.08936441, 0.7636337, 75.85252, 94.81565, 0.375107, -0.3002957, -0.3002957, 0.823978, 0, 0, 0, 1, 0, 0, 0
Unnamed, 767.3676, 12.48484, 0.09197779, 3, flat, 184.5712, 407.1783, 78.30006, 0, 23.50579, 6.970773, -0.2026386, 0.2959071, 0.2959071, 0.8853337, 10.26106, 9.650602, -0.08958507, -0.03391032, -0.03391032, 0.994824, 13.53807, 14.80543, -0.08473478, -0.1083655, -0.1083655, 0.9845476, 14.23957, 16.95469, -0.02242281, -0.163298, -0.163298, 0.97271, 14.7793, 17.26578, -0.05371092, -0.2812204, -0.2812204, 0.9159396, -0.06356273, 0.2729374, 0.2729374, 0.9203098, -0.0499693, -0.08426961, -0.08426961, 78.71435, 39.35717, -0.2516071, -0.02801732, -0.02801732, -0.9670181, 50.25995, 62.82494, 0.2010182, 0.2203776, 0.2203776, 0.9286868, 6.800843, 8.501054, 0.02047259, 0, 0, 0.9997904, 69.39996, 86.74995, 0.6331601, -0.08936441, -0.08936441, 0.7636337, 75.85252, 94.81565, 0.375107, -0.3002957, -0.3002957, 0.823978, 0, 0, 0, 1, 0, 0, 0
Unnamed, 767.3676, 13.76743, 0.09985702, 0, flat, 184.5712, 407.1783, 78.30006, 0, 15.18735, 8.702335, -0.1741219, 0.3386481, 0.3386481, 0.8604165, 9.335889, 9.684645, -0.01477565, -0.0442859, -0.0442859, 0.9979275, 11.78908, 13.40631, -0.0003539325, -0.1210181, -0.1210181, 0.9852458, 12.75595, 14.90149, 0.03582725, -0.1799103, -0.1799103, 0.9664269, 12.90994, 16.19079, 0.02962202, -0.2952675, -0.2952675, 0.9081612, -0.1029051, 0.0253874, 0.0253874, 0.994043, -0.08307598, -0.07729883, -0.07729883, 78.71435, 39.35717, -0.2516071, -0.02801732, -0.02801732, -0.9670181, 50.25995, 62.82494, 0.2010182, 0.2203776, 0.2203776, 0.9286868, 6.800843, 8.501054, 0.02047259, 0, 0, 0.9997904, 69.39996, 86.74995, 0.6331601, -0.08936441, -0.08936441, 0.7636337, 75.85252, 94.81565, 0.375107, -0.3002957, -0.3002957, 0.823978, 0, 0, 0, 1, 0, 0, 0
Unnamed, 767.3676, 14.71593, 0.1006301, 1, flat, 184.5712, 407.1783, 78.30006, 0, 17.30131, 6.689586, -0.1670047, 0.330996, 0.330996, 0.8677515, 10.08229, 9.576226, -0.04141779, -0.04058582, -0.04058582, 0.997492, 13.03746, 14.35742, -0.02007952, -0.1194585, -0.1194585, 0.9854218, 13.84563, 15.91391, 0.02411221, -0.1800529, -0.1800529, 0.9667371, 14.26339, 16.32608, 0.001982685, -0.3015968, -0.3015968, 0.9044749, -0.09523445, 0.1077678, 0.1077678, 0.9837188, -0.06895075, -0.07934286, -0.07934286, 78.71435, 39.35717, -0.2516071, -0.02801732, -0.02801732, -0.9670181, 50.25995, 62.82494, 0.2010182, 0.2203776, 0.2203776, 0.9286868, 6.800843, 8.501054, 0.02047259, 0, 0, 0.9997904, 69.39996, 86.74995, 0.6331601, -0.08936441, -0.08936441, 0.7636337, 75.85252, 94.81565, 0.375107, -0.3002957, -0.3002957, 0.823978, 0, 0, 0, 1, 0, 0, 0
Unnamed, 767.3676, 16.70855, 0.1092298, 12, flat, 184.5712, 407.1783, 78.30006, 0, 14.49115, 6.193719, -0.1492762, 0.3645967, 0.3645967, 0.8437151, 10.07562, 11.64809, 0.06023407, -0.04684376, -0.04684376, 0.9959835, 11.21069, 13.53371, 0.07285217, -0.1267859, -0.1267859, 0.9810929, 11.61364, 15.24533, 0.108636, -0.1834594, -0.1834594, 0.9596268, 12.46032, 16.80145, 0.1107817, -0.3124248, -0.3124248, 0.8902298, -0.0306478, -0.1744583, -0.1744583, 0.9686018, -0.1399924, -0.08657598, -0.08657598, 78.71435, 39.35717, -0.2516071, -0.02801732, -0.02801732, -0.9670181, 50.25995, 62.82494, 0.2010182, 0.2203776, 0.2203776, 0.9286868, 6.800843, 8.501054, 0.02047259, 0, 0, 0.9997904, 69.39996, 86.74995, 0.6331601, -0.08936441, -0.08936441, 0.7636337, 75.85252, 94.81565, 0.375107, -0.3002957, -0.3002957, 0.823978, 0, 0, 0, 1, 0, 0, 0
Unnamed, 767.3676, 19.61984, 0.1010985, 17, flat, 184.5712, 407.1783, 78.30006, 0, 24.94334, 1.162643, -0.2075203, 0.3295023, 0.3295023, 0.8601115, 9.958979, 9.931849, 0.05154808, -0.02073245, -0.02073245, 0.9982401, 11.59765, 14.02977, 0.08375127, -0.1132106, -0.1132106, 0.9835408, 12.28899, 15.25403, 0.1310242, -0.1753128, -0.1753128, 0.9598768, 11.10784, 14.49639, 0.1118772, -0.3264252, -0.3264252, 0.8799868, 0.008718733, 0.268487, 0.268487, 0.9250694, -0.03384756, -0.1086037, -0.1086037, 78.71435, 39.35717, -0.2516071, -0.02801732, -0.02801732, -0.9670181, 50.25995, 62.82494, 0.2010182, 0.2203776, 0.2203776, 0.9286868, 6.800843, 8.501054, 0.02047259, 0, 0, 0.9997904, 69.39996, 86.74995, 0.6331601, -0.08936441, -0.08936441, 0.7636337, 75.85252, 94.81565, 0.375107, -0.3002957, -0.3002957, 0.823978, 0, 0, 0, 1, 0, 0, 0
Unnamed, 767.3676, 21.24976, 0.1816132, 15, flat, 184.5712, 407.1783, 78.30006, 0, 17.87666, 2.636262, -0.1529125, 0.3549015, 0.3549015, 0.8512976, 10.58983, 12.15526, 0.06562929, -0.0283001, -0.0283001, 0.9970412, 11.5995, 14.16592, 0.07054536, -0.1166063, -0.1166063, 0.9837832, 12.04804, 14.54754, 0.08895034, -0.1730504, -0.1730504, 0.9655025, 12.1241, 15.46089, 0.0829355, -0.2985357, -0.2985357, 0.9027041, -0.008428186, 0.1273112, 0.1273112, 0.9836223, -0.06478889, -0.09466776, -0.09466776, 78.71435, 39.35717, -0.2516071, -0.02801732, -0.02801732, -0.9670181, 50.25995, 62.82494, 0.2010182, 0.2203776, 0.2203776, 0.9286868, 6.800843, 8.501054, 0.02047259, 0, 0, 0.9997904, 69.39996, 86.74995, 0.6331601, -0.08936441, -0.08936441, 0.7636337, 75.85252, 94.81565, 0.375107, -0.3002957, -0.3002957, 0.823978, 0, 0, 0, 1, 0, 0, 0
Unnamed, 767.3676, 24.01398, 0.1207701, 11, flat, 184.5712, 407.1783, 78.30006, 0, 10.62669, 8.416783, -0.1866895, 0.3556079, 0.3556079, 0.8439391, 8.330672, 9.528462, 0.03242006, -0.03163445, -0.03163445, 0.9984726, 9.960163, 10.75188, 0.02639993, -0.1108437, -0.1108437, 0.9872844, 10.58816, 11.01154, 0.02790898, -0.1678409, -0.1678409, 0.9710201, 10.70204, 12.21919, 0.01983637, -0.2990952, -0.2990952, 0.9059198, -0.1360967, -0.1725635, -0.1725635, 0.9601673, -0.1475627, -0.05415154, -0.05415154, 78.71435, 39.35717, -0.2516071, -0.02801732, -0.02801732, -0.9670181, 50.25995, 62.82494, 0.2010182, 0.2203776, 0.2203776, 0.9286868, 6.800843, 8.501054, 0.02047259, 0, 0, 0.9997904, 69.39996, 86.74995, 0.6331601, -0.08936441, -0.08936441, 0.7636337, 75.85252, 94.81565, 0.375107, -0.3002957, -0.3002957, 0.823978, 0, 0, 0, 1, 0, 0, 0
Unnamed, 767.3676, 24.87962, 0.008796931, 8, flat, 184.5712, 407.1783, 78.30006, 0, 10.37441, 9.193854, -0.1504881, 0.3659036, 0.3659036, 0.8423672, 8.863239, 10.34049, 0.02586731, -0.04954219, -0.04954219, 0.9972071, 11.03899, 12.26847, 0.01412755, -0.1189903, -0.1189903, 0.9856384, 11.55824, 12.79085, 0.0191929, -0.175262, -0.175262, 0.9686063, 11.71201, 14.35452, 0.01142523, -0.3070688, -0.3070688, 0.9007147, -0.1224522, -0.07343168, -0.07343168, 0.9870264, -0.1320898, -0.06084992, -0.06084992, 78.71435, 39.35717, -0.2516071, -0.02801732, -0.02801732, -0.9670181, 50.25995, 62.82494, 0.2010182, 0.2203776, 0.2203776, 0.9286868, 6.800843, 8.501054, 0.02047259, 0, 0, 0.9997904, 69.39996, 86.74995, 0.6331601, -0.08936441, -0.08936441, 0.7636337, 75.85252, 94.81565, 0.375107, -0.3002957, -0.3002957, 0.823978, 0, 0, 0, 1, 0, 0, 0
Unnamed, 767.3676, 25.95926, 0.03703851, 9, flat, 184.5712, 407.1783, 78.30006, 0, 8.954009, 9.295065, -0.2204359, 0.3561911, 0.3561911, 0.8352628, 6.627204, 7.135424, -0.01489022, -0.02700739, -0.02700739, 0.9991594, 8.254904, 9.063494, -0.008170516, -0.1097848, -0.1097848, 0.98784, 9.355574, 8.806851, -0.01243053, -0.1674552, -0.1674552, 0.9714747, 9.537164, 9.874144, -0.0449099, -0.2951677, -0.2951677, 0.9075986, -0.2279505, -0.1393119, -0.1393119, 0.9535319, -0.1483313, -0.03576314, -0.03576314, 78.71435, 39.35717, -0.2516071, -0.02801732, -0.02801732, -0.9670181, 50.25995, 62.82494, 0.2010182, 0.2203776, 0.2203776, 0.9286868, 6.800843, 8.501054, 0.02047259, 0, 0, 0.9997904, 69.39996, 86.74995, 0.6331601, -0.08936441, -0.08936441, 0.7636337, 75.85252, 94.81565, 0.375107, -0.3002957, -0.3002957, 0.823978, 0, 0, 0, 1, 0, 0, 0
Unnamed, 767.3676, 27.67084, 0.07817852, 7, flat, 184.5712, 407.1783, 78.30006, 0, 13.21867, 8.273104, -0.1845407, 0.3505981, 0.3505981, 0.848591, 7.945396, 8.25973, -0.02781169, -0.04871832, -0.04871832, 0.997236, 10.80314, 11.22655, -0.03181313, -0.1133679, -0.1133679, 0.9865513, 11.2324, 11.13033, -0.03085156, -0.1708578, -0.1708578, 0.9698781, 11.69101, 11.81693, -0.04395865, -0.3070339, -0.3070339, 0.8997378, -0.2048136, 0.03936438, 0.03936438, 0.9772167, -0.1189199, -0.03873813, -0.03873813, 78.71435, 39.35717, -0.2516071, -0.02801732, -0.02801732, -0.9670181, 50.25995, 62.82494, 0.2010182, 0.2203776, 0.2203776, 0.9286868, 6.800843, 8.501054, 0.02047259, 0, 0, 0.9997904, 69.39996, 86.74995, 0.6331601, -0.08936441, -0.08936441, 0.7636337, 75.85252, 94.81565, 0.375107, -0.3002957, -0.3002957, 0.823978, 0, 0, 0, 1, 0, 0, 0
Unnamed, 767.3676, 28.75318, 0.0995104, 14, flat, 184.5712, 407.1783, 78.30006, 0, 17.75614, 3.312748, -0.1255125, 0.3560328, 0.3560328, 0.8548263, 10.17676, 10.54803, 0.03901401, -0.03498764, -0.03498764, 0.9980128, 11.95848, 13.72657, 0.06414266, -0.1190578, -0.1190578, 0.9836342, 12.17001, 14.38134, 0.08376423, -0.1730567, -0.1730567, 0.965964, 12.49446, 15.7329, 0.05807903, -0.2901479, -0.2901479, 0.9100853, -0.01689651, 0.009571685, 0.009571685, 0.9997656, -0.1136761, -0.0794403, -0.0794403, 78.71435, 39.35717, -0.2516071, -0.02801732, -0.02801732, -0.9670181, 50.25995, 62.82494, 0.2010182, 0.2203776, 0.2203776, 0.9286868, 6.800843, 8.501054, 0.02047259, 0, 0, 0.9997904, 69.39996, 86.74995, 0.6331601, -0.08936441, -0.08936441, 0.7636337, 75.85252, 94.81565, 0.375107, -0.3002957, -0.3002957, 0.823978, 0, 0, 0, 1, 0, 0, 0
Unnamed, 767.3676, 29.81608, 0.1185566, 2, flat, 184.5712, 407.1783, 78.30006, 0, 16.38343, 5.529673, -0.1445033, 0.3291229, 0.3291229, 0.8731982, 11.33626, 9.830774, -0.1245108, -0.03350189, -0.03350189, 0.9910864, 14.4406, 14.90889, -0.1102139, -0.1165413, -0.1165413, 0.9801475, 15.94675, 17.91455, -0.0488601, -0.1815398, -0.1815398, 0.9652458, 16.09576, 18.4214, -0.06873226, -0.3204987, -0.3204987, 0.8887278, -0.06336897, 0.2133881, 0.2133881, 0.9512705, -0.0818706, -0.0667287, -0.0667287, 78.71435, 39.35717, -0.2516071, -0.02801732, -0.02801732, -0.9670181, 50.25995, 62.82494, 0.2010182, 0.2203776, 0.2203776, 0.9286868, 6.800843, 8.501054, 0.02047259, 0, 0, 0.9997904, 69.39996, 86.74995, 0.6331601, -0.08936441, -0.08936441, 0.7636337, 75.85252, 94.81565, 0.375107, -0.3002957, -0.3002957, 0.823978, 0, 0, 0, 1, 0, 0, 0
Unnamed, 44.66511, 2.224158, 0.08751658, 7, flat, 112.2409, 24.28126, 0, 4.121613, 9.505059, 4.525454, -0.215272, 0.3843158, 0.3843158, 0.8113326, 4.554577, 4.814993, -0.0601528, 0.1198061, 0.1198061, 0.9837046, 4.400106, 4.634894, -0.08497919, -0.02148525, -0.02148525, 0.9959193, 3.84746, 2.652842, -0.118694, -0.1738765, -0.1738765, 0.9620008, 4.775611, 4.963884, -0.1186736, -0.373923, -0.373923, 0.8404046, -0.1975423, 0.04502731, 0.04502731, 0.978224, -0.1230924, 0.00476411, 0.00476411, 31.91827, 15.95913, -0.0400999, 0.00102495, 0.00102495, -0.9991947, 39.8172, 49.77151, 0.138465, 0.002767607, 0.002767607, 0.9903597, 41.12842, 51.41053, -0.03596019, 0, 0, 0.9993532, 10.81464, 13.5183, 0.5478065, -0.001168962, -0.001168962, 0.8366035, 21.43714, 26.79643, 0.3884825, -0.003862525, -0.003862525, 0.92144, 0, 0, 0, 1, 0, 0, 0
Unnamed, 415.4689, 4.45731, 0.04041893, 14, flat, 185.3417, 130.183, 110.0972, 0, 17.12199, 3.096171, -0.2602641, 0.3425757, 0.3425757, 0.8351924, 7.246274, 7.472624, -0.140785, 0.03258843, 0.03258843, 0.9889669, 9.222919, 10.04275, -0.1701237, -0.04494997, -0.04494997, 0.9833702, 7.974003, 7.152148, -0.2226169, -0.1254125, -0.1254125, 0.9586372, 8.755152, 8.215611, -0.2116778, -0.3156188, -0.3156188, 0.8694608, -0.002428635, 0.002178727, 0.002178727, 0.9999923, -0.00419686, -0.06724513, -0.06724513, 82.97736, 41.48868, -0.2517897, 0.1944871, 0.1944871, -0.9278747, 13.57298, 16.96622, 0.2796459, 0.2277092, 0.2277092, 0.9044862, 26.13156, 32.66444, 0.5123934, 0, 0, 0.8587509, 20.7709, 25.96362, 0.6994866, -0.08724587, -0.08724587, 0.703914, 72.15354, 90.19193, 0.2033417, -0.3329176, -0.3329176, 0.8584777, 0, 0, 0, 1, 0, 0, 0
Unnamed, 415.4689, 5.770566, 0.04964864, 7, flat, 185.3417, 130.183, 110.0972, 0, 16.14412, 1.922237, -0.228349, 0.3369567, 0.3369567, 0.848986, 4.832619, 4.109564, -0.1898954, 0.08893219, 0.08893219, 0.9737155, 5.7416, 4.90013, -0.2102068, -0.01257865, -0.01257865, 0.9774951, 5.549555, 3.200451, -0.2273153, -0.09755149, -0.09755149, 0.9639996, 5.927611, 3.666075, -0.2174695, -0.3008918, -0.3008918, 0.8784278, -0.2087625, 0.01258297, 0.01258297, 0.9778045, 0.008065701, -0.05427851, -0.05427851, 82.97736, 41.48868, -0.2517897, 0.1944871, 0.1944871, -0.9278747, 13.57298, 16.96622, 0.2796459, 0.2277092, 0.2277092, 0.9044862, 26.13156, 32.66444, 0.5123934, 0, 0, 0.8587509, 20.7709, 25.96362, 0.6994866, -0.08724587, -0.08724587, 0.703914, 72.15354, 90.19193, 0.2033417, -0.3329176, -0.3329176, 0.8584777, 0, 0, 0, 1, 0, 0, 0
Unnamed, 415.4689, 7.654355, 0.04447763, 0, flat, 185.3417, 130.183, 110.0972, 0, 17.90325, 4.010197, -0.2344525, 0.3487231, 0.3487231, 0.8377448, 6.593741, 3.962497, -0.1998525, 0.05507727, 0.05507727, 0.9767252, 7.966048, 7.429461, -0.2042559, -0.04791211, -0.04791211, 0.9765697, 7.87816, 5.561796, -0.219838, -0.1408825, -0.1408825, 0.9549741, 7.888245, 6.128071, -0.203198, -0.3363692, -0.3363692, 0.8558167, -0.110641, 0.006828631, 0.006828631, 0.9938135, -0.001804523, -0.05919571, -0.05919571, 82.97736, 41.48868, -0.2517897, 0.1944871, 0.1944871, -0.9278747, 13.57298, 16.96622, 0.2796459, 0.2277092, 0.2277092, 0.9044862, 26.13156, 32.66444, 0.5123934, 0, 0, 0.8587509, 20.7709, 25.96362, 0.6994866, -0.08724587, -0.08724587, 0.703914, 72.15354, 90.19193, 0.2033417, -0.3329176, -0.3329176, 0.8584777, 0, 0, 0, 1, 0, 0, 0
Unnamed, 415.4689, 8.669461, 0.04556373, 2, flat, 185.3417, 130.183, 110.0972, 0, 19.34846, 2.015089, -0.2645749, 0.3182187, 0.3182187, 0.8529208, 7.281063, 6.03371, -0.1866648, 0.05907276, 0.05907276, 0.9788652, 8.384336, 9.164268, -0.185206, -0.04185065, -0.04185065, 0.9809158, 8.908562, 7.518465, -0.1939571, -0.124885, -0.124885, 0.9649809, 9.279384, 7.80434, -0.2084636, -0.3057786, -0.3057786, 0.8772354, -0.0799185, 0.203139, 0.203139, 0.9545062, 0.0346237, -0.06261733, -0.06261733, 82.97736, 41.48868, -0.2517897, 0.1944871, 0.1944871, -0.9278747, 13.57298, 16.96622, 0.2796459, 0.2277092, 0.2277092, 0.9044862, 26.13156, 32.66444, 0.5123934, 0, 0, 0.8587509, 20.7709, 25.96362, 0.6994866, -0.08724587, -0.08724587, 0.703914, 72.15354, 90.19193, 0.2033417, -0.3329176, -0.3329176, 0.8584777, 0, 0, 0, 1, 0, 0, 0
Unnamed, 415.4689, 10.4356, 0.00928478, 12, flat, 185.3417, 130.183, 110.0972, 0, 12.4905, 1.558967, -0.2582377, 0.379719, 0.379719, 0.8030818, 5.285833, 5.256765, -0.0889385, 0.01730898, 0.01730898, 0.9957364, 6.497092, 6.895773, -0.08724584, -0.08623011, -0.08623011, 0.9886945, 5.798667, 4.246624, -0.1109741, -0.1717437, -0.1717437, 0.9636872, 5.710005, 4.82901, -0.1168752, -0.3577385, -0.3577385, 0.8546266, -0.04258558, -0.1893208, -0.1893208, 0.9625496, -0.05995056, -0.07892491, -0.07892491, 82.97736, 41.48868, -0.2517897, 0.1944871, 0.1944871, -0.9278747, 13.57298, 16.96622, 0.2796459, 0.2277092, 0.2277092, 0.9044862, 26.13156, 32.66444, 0.5123934, 0, 0, 0.8587509, 20.7709, 25.96362, 0.6994866, -0.08724587, -0.08724587, 0.703914, 72.15354, 90.19193, 0.2033417, -0.3329176, -0.3329176, 0.8584777, 0, 0, 0, 1, 0, 0, 0
Unnamed, 415.4689, 12.06746, 0.0346741, 8, flat, 185.3417, 130.183, 110.0972, 0, 17.43954, 3.336304, -0.2537966, 0.3551276, 0.3551276, 0.8266536, 6.22526, 3.740469, -0.1708222, 0.03806216, 0.03806216, 0.9838305, 7.622875, 7.117034, -0.1555257, -0.06842458, -0.06842458, 0.9830809, 7.074931, 5.469273, -0.1644254, -0.1471871, -0.1471871, 0.9641765, 7.1533, 5.563099, -0.1867563, -0.3342243, -0.3342243, 0.8612261, -0.1186428, -0.08286363, -0.08286363, 0.9859976, -0.02636013, -0.05237383, -0.05237383, 82.97736, 41.48868, -0.2517897, 0.1944871, 0.1944871, -0.9278747, 13.57298, 16.96622, 0.2796459, 0.2277092, 0.2277092, 0.9044862, 26.13156, 32.66444, 0.5123934, 0, 0, 0.8587509, 20.7709, 25.96362, 0.6994866, -0.08724587, -0.08724587, 0.703914, 72.15354, 90.19193, 0.2033417, -0.3329176, -0.3329176, 0.8584777, 0, 0, 0, 1, 0, 0, 0
Unnamed, 415.4689, 13.54822, 0.1485523, 6, flat, 185.3417, 130.183, 110.0972, 0, 20.13695, 2.831445, -0.2223657, 0.3421582, 0.3421582, 0.8464095, 6.692459, 5.006016, -0.2028964, 0.03274321, 0.03274321, 0.9781048, 7.927736, 7.72375, -0.2043913, -0.05518348, -0.05518348, 0.9757735, 8.303286, 6.129031, -0.2142824, -0.1384441, -0.1384441, 0.956948, 8.790129, 6.976286, -0.2147844, -0.3077774, -0.3077774, 0.8743076, -0.178733, 0.1142703, 0.1142703, 0.9705355, 0.01264967, -0.03526324, -0.03526324, 82.97736, 41.48868, -0.2517897, 0.1944871, 0.1944871, -0.9278747, 13.57298, 16.96622, 0.2796459, 0.2277092, 0.2277092, 0.9044862, 26.13156, 32.66444, 0.5123934, 0, 0, 0.8587509, 20.7709, 25.96362, 0.6994866, -0.08724587, -0.08724587, 0.703914, 72.15354, 90.19193, 0.2033417, -0.3329176, -0.3329176, 0.8584777, 0, 0, 0, 1, 0, 0, 0
Unnamed, 415.4689, 15.41873, 0.09744302, 16, flat, 185.3417, 130.183, 110.0972, 0, 18.32101, 1.125875, -0.2992272, 0.3315593, 0.3315593, 0.8310235, 8.006336, 6.15737, -0.1392621, 0.02062691, 0.02062691, 0.9898258, 9.280421, 10.02134, -0.1292098, -0.07133827, -0.07133827, 0.9864718, 8.679961, 8.674506, -0.1337421, -0.1406166, -0.1406166, 0.970859, 8.86304, 8.353458, -0.1628505, -0.3263762, -0.3263762, 0.8720303, 0.01258931, 0.1976098, 0.1976098, 0.9600741, 0.03970192, -0.07125257, -0.07125257, 82.97736, 41.48868, -0.2517897, 0.1944871, 0.1944871, -0.9278747, 13.57298, 16.96622, 0.2796459, 0.2277092, 0.2277092, 0.9044862, 26.13156, 32.66444, 0.5123934, 0, 0, 0.8587509, 20.7709, 25.96362, 0.6994866, -0.08724587, -0.08724587, 0.703914, 72.15354, 90.19193, 0.2033417, -0.3329176, -0.3329176, 0.8584777, 0, 0, 0, 1, 0, 0, 0
Unnamed, 415.4689, 16.78468, 0.1005021, 13, flat, 185.3417, 130.183, 110.0972, 0, 9.527431, 0.6555129, -0.2592284, 0.3809855, 0.3809855, 0.8015614, 6.903818, 5.994759, -0.06111163, 0.01044197, 0.01044197, 0.9980217, 8.268687, 8.670836, -0.05502202, -0.08948963, -0.08948963, 0.9904321, 6.897509, 5.692129, -0.0814366, -0.1711565, -0.1711565, 0.9668397, 6.828374, 6.677997, -0.1053723, -0.3644004, -0.3644004, 0.850483, -0.02853433, -0.09668431, -0.09668431, 0.990197, -0.02805223, -0.06920275, -0.06920275, 82.97736, 41.48868, -0.2517897, 0.1944871, 0.1944871, -0.9278747, 13.57298, 16.96622, 0.2796459, 0.2277092, 0.2277092, 0.9044862, 26.13156, 32.66444, 0.5123934, 0, 0, 0.8587509, 20.7709, 25.96362, 0.6994866, -0.08724587, -0.08724587, 0.703914, 72.15354, 90.19193, 0.2033417, -0.3329176, -0.3329176, 0.8584777, 0, 0, 0, 1, 0, 0, 0
Unnamed, 415.4689, 18.38072, 0.1384732, 15, flat, 185.3417, 130.183, 110.0972, 0, 19.01406, 1.557334, -0.2947762, 0.3351031, 0.3351031, 0.8297704, 7.686408, 7.027916, -0.1592637, 0.01019302, 0.01019302, 0.9871309, 9.054341, 10.03439, -0.1600294, -0.07765822, -0.07765822, 0.9809837, 8.420678, 9.557816, -0.1695532, -0.1464333, -0.1464333, 0.9635177, 9.10265, 9.845764, -0.181093, -0.3409672, -0.3409672, 0.8571395, 0.02020252, 0.1033176, 0.1033176, 0.9890616, 0.002233602, -0.05649011, -0.05649011, 82.97736, 41.48868, -0.2517897, 0.1944871, 0.1944871, -0.9278747, 13.57298, 16.96622, 0.2796459, 0.2277092, 0.2277092, 0.9044862, 26.13156, 32.66444, 0.5123934, 0, 0, 0.8587509, 20.7709, 25.96362, 0.6994866, -0.08724587, -0.08724587, 0.703914, 72.15354, 90.19193, 0.2033417, -0.3329176, -0.3329176, 0.8584777, 0, 0, 0, 1, 0, 0, 0
Unnamed, 415.4689, 20.36453, 0.1359929, 17, flat, 185.3417, 130.183, 110.0972, 0, 16.27667, 0.9304113, -0.2901118, 0.3292299, 0.3292299, 0.8360924, 7.301755, 3.885142, -0.1208011, 0.03324698, 0.03324698, 0.9915626, 7.34334, 7.068578, -0.0997628, -0.06278058, -0.06278058, 0.9910422, 6.106889, 6.243814, -0.09268922, -0.1301273, -0.1301273, 0.978541, 6.751133, 6.481772, -0.1206169, -0.3321504, -0.3321504, 0.8745306, 0.03610867, 0.2617328, 0.2617328, 0.9282716, 0.05606401, -0.0696335, -0.0696335, 82.97736, 41.48868, -0.2517897, 0.1944871, 0.1944871, -0.9278747, 13.57298, 16.96622, 0.2796459, 0.2277092, 0.2277092, 0.9044862, 26.13156, 32.66444, 0.5123934, 0, 0, 0.8587509, 20.7709, 25.96362, 0.6994866, -0.08724587, -0.08724587, 0.703914, 72.15354, 90.19193, 0.2033417, -0.3329176, -0.3329176, 0.8584777, 0, 0, 0, 1, 0, 0, 0
Unnamed, 415.4689, 23.58467, 0.1343628, 4, flat, 185.3417, 130.183, 110.0972, 0, 19.24323, 1.117501, -0.2389562, 0.3205574, 0.3205574, 0.8587118, 7.150557, 5.119176, -0.2243476, 0.02105904, 0.02105904, 0.974054, 7.3605, 7.594556, -0.2188684, -0.05295022, -0.05295022, 0.9728768, 7.715181, 6.069989, -0.2230044, -0.1231991, -0.1231991, 0.9591209, 8.731607, 7.086096, -0.2245677, -0.2821809, -0.2821809, 0.8889979, -0.1628267, 0.251153, 0.251153, 0.9205063, 0.07047033, -0.01296169, -0.01296169, 82.97736, 41.48868, -0.2517897, 0.1944871, 0.1944871, -0.9278747, 13.57298, 16.96622, 0.2796459, 0.2277092, 0.2277092, 0.9044862, 26.13156, 32.66444, 0.5123934, 0, 0, 0.8587509, 20.7709, 25.96362, 0.6994866, -0.08724587, -0.08724587, 0.703914, 72.15354, 90.19193, 0.2033417, -0.3329176, -0.3329176, 0.8584777, 0, 0, 0, 1, 0, 0, 0
Unnamed, 415.4689, 25.16795, 0.105026, 5, flat, 185.3417, 130.183, 110.0972, 0, 18.77585, 1.629068, -0.2529052, 0.3137822, 0.3137822, 0.8597211, 7.090718, 5.265778, -0.2243303, 0.02181907, 0.02181907, 0.9740246, 7.094811, 7.534786, -0.2190226, -0.05141203, -0.05141203, 0.9730071, 7.333448, 5.785909, -0.2238083, -0.1185623, -0.1185623, 0.960102, 8.154106, 6.711158, -0.2260698, -0.278123, -0.278123, 0.8911721, -0.1782819, 0.1829773, 0.1829773, 0.9493442, 0.06839956, -0.01148918, -0.01148918, 82.97736, 41.48868, -0.2517897, 0.1944871, 0.1944871, -0.9278747, 13.57298, 16.96622, 0.2796459, 0.2277092, 0.2277092, 0.9044862, 26.13156, 32.66444, 0.5123934, 0, 0, 0.8587509, 20.7709, 25.96362, 0.6994866, -0.08724587, -0.08724587, 0.703914, 72.15354, 90.19193, 0.2033417, -0.3329176, -0.3329176, 0.8584777, 0, 0, 0, 1, 0, 0, 0
Unnamed, 415.4689, 26.91931, 0.04635644, 10, flat, 185.3417, 130.183, 110.0972, 0, 16.95533, 1.552426, -0.2875364, 0.3218785, 0.3218785, 0.842681, 7.230309, 6.227339, -0.1682765, 0.02254212, 0.02254212, 0.9852242, 7.840472, 8.380402, -0.155615, -0.06164259, -0.06164259, 0.9839636, 7.974915, 6.462898, -0.1720527, -0.1337407, -0.1337407, 0.9667599, 8.760064, 6.847449, -0.2146685, -0.2845775, -0.2845775, 0.889915, -0.2068858, -0.07739439, -0.07739439, 0.9722235, 0.006167591, -0.06433396, -0.06433396, 82.97736, 41.48868, -0.2517897, 0.1944871, 0.1944871, -0.9278747, 13.57298, 16.96622, 0.2796459, 0.2277092, 0.2277092, 0.9044862, 26.13156, 32.66444, 0.5123934, 0, 0, 0.8587509, 20.7709, 25.96362, 0.6994866, -0.08724587, -0.08724587, 0.703914, 72.15354, 90.19193, 0.2033417, -0.3329176, -0.3329176, 0.8584777, 0, 0, 0, 1, 0, 0, 0
Unnamed, 415.4689, 31.10714, 0.1257323, 11, flat, 185.3417, 130.183, 110.0972, 0, 13.37222, 1.26764, -0.3112068, 0.3545687, 0.3545687, 0.8072871, 7.277208, 5.403741, -0.09394994, 0.01072833, 0.01072833, 0.9954613, 7.851555, 7.125244, -0.0646667, -0.09523531, -0.09523531, 0.9887764, 7.212922, 5.366953, -0.06507652, -0.1467676, -0.1467676, 0.9760551, 6.124519, 5.266113, -0.104107, -0.3283308, -0.3283308, 0.8795223, -0.1594061, -0.1665004, -0.1665004, 0.9587205, -0.0419653, -0.07111338, -0.07111338, 82.97736, 41.48868, -0.2517897, 0.1944871, 0.1944871, -0.9278747, 13.57298, 16.96622, 0.2796459, 0.2277092, 0.2277092, 0.9044862, 26.13156, 32.66444, 0.5123934, 0, 0, 0.8587509, 20.7709, 25.96362, 0.6994866, -0.08724587, -0.08724587, 0.703914, 72.15354, 90.19193, 0.2033417, -0.3329176, -0.3329176, 0.8584777, 0, 0, 0, 1, 0, 0, 0
Unnamed, 415.4689, 33.97577, 0.128839, 1, flat, 185.3417, 130.183, 110.0972, 0, 21.43077, 2.021488, -0.2506567, 0.3203029, 0.3203029, 0.8555603, 7.85985, 5.998616, -0.1584588, 0.004884614, 0.004884614, 0.9873415, 9.452178, 9.872828, -0.1643749, -0.06567802, -0.06567802, 0.9820151, 9.283301, 7.344649, -0.1901005, -0.1250904, -0.1250904, 0.9656949, 10.11097, 7.68273, -0.2205918, -0.2927541, -0.2927541, 0.8831361, -0.1165217, 0.1090106, 0.1090106, 0.9811504, 0.01783751, -0.07166831, -0.07166831, 82.97736, 41.48868, -0.2517897, 0.1944871, 0.1944871, -0.9278747, 13.57298, 16.96622, 0.2796459, 0.2277092, 0.2277092, 0.9044862, 26.13156, 32.66444, 0.5123934, 0, 0, 0.8587509, 20.7709, 25.96362, 0.6994866, -0.08724587, -0.08724587, 0.703914, 72.15354, 90.19193, 0.2033417, -0.3329176, -0.3329176, 0.8584777, 0, 0, 0, 1, 0, 0, 0
Unnamed, 415.4689, 35.56591, 0.05863393, 3, flat, 185.3417, 130.183, 110.0972, 0, 19.08457, 1.468604, -0.2756888, 0.3012772, 0.3012772, 0.8616611, 7.168532, 5.390525, -0.1681118, 0.01921915, 0.01921915, 0.9853932, 8.055493, 9.329466, -0.1553875, -0.05792176, -0.05792176, 0.9844516, 8.211237, 7.344142, -0.1671105, -0.113383, -0.113383, 0.9728118, 9.373643, 7.669487, -0.2150522, -0.2705623, -0.2705623, 0.8985236, -0.07819098, 0.2662819, 0.2662819, 0.9230786, 0.05144489, -0.0839829, -0.0839829, 82.97736, 41.48868, -0.2517897, 0.1944871, 0.1944871, -0.9278747, 13.57298, 16.96622, 0.2796459, 0.2277092, 0.2277092, 0.9044862, 26.13156, 32.66444, 0.5123934, 0, 0, 0.8587509, 20.7709, 25.96362, 0.6994866, -0.08724587, -0.08724587, 0.703914, 72.15354, 90.19193, 0.2033417, -0.3329176, -0.3329176, 0.8584777, 0, 0, 0, 1, 0, 0, 0
Unnamed, 415.4689, 37.40278, 0.1696629, 9, flat, 185.3417, 130.183, 110.0972, 0, 16.37854, 1.386916, -0.2754655, 0.331553, 0.331553, 0.8392044, 5.494404, 4.841609, -0.1415825, 0.02301781, 0.02301781, 0.9893911, 6.416279, 6.895688, -0.1303557, -0.07121738, -0.07121738, 0.9863385, 6.740143, 4.960687, -0.1455996, -0.1417404, -0.1417404, 0.9688241, 7.388545, 5.223898, -0.1839157, -0.2979903, -0.2979903, 0.8880195, -0.2007316, -0.159827, -0.159827, 0.9532143, -0.03128236, -0.05384901, -0.05384901, 82.97736, 41.48868, -0.2517897, 0.1944871, 0.1944871, -0.9278747, 13.57298, 16.96622, 0.2796459, 0.2277092, 0.2277092, 0.9044862, 26.13156, 32.66444, 0.5123934, 0, 0, 0.8587509, 20.7709, 25.96362, 0.6994866, -0.08724587, -0.08724587, 0.703914, 72.15354, 90.19193, 0.2033417, -0.3329176, -0.3329176, 0.8584777, 0, 0, 0, 1, 0, 0, 0
Unnamed, 46.34002, 1.495235, 0.009179026, 14, flat, 164.694, 30.89335, 0, 0, 12.50636, 3.623636, -0.2151683, 0.3634337, 0.3634337, 0.8303821, 6.666533, 6.837417, -0.1022992, 0.1030046, 0.1030046, 0.98403, 6.036795, 6.140982, -0.1341553, -0.03495996, -0.03495996, 0.9897262, 4.738136, 4.151477, -0.1638235, -0.1742534, -0.1742534, 0.9552138, 4.720906, 5.475002, -0.137806, -0.3750668, -0.3750668, 0.8364565, -0.008348337, 0.002228693, 0.002228693, 0.9999602, -0.01264935, -0.1004591, -0.1004591, 48.94151, 24.47076, 0.06081646, 0.1291066, 0.1291066, -0.9813074, 42.05009, 52.56261, 0.3107494, 0.08451547, 0.08451547, 0.942947, 23.75717, 29.69647, 0.6779087, 0, 0, 0.7351462, 57.79863, 72.24828, 0.1652737, -0.04402186, -0.04402186, 0.9842808, 67.57518, 84.46897, 0.04770532, -0.1323543, -0.1323543, 0.9811671, 0, 0, 0, 1, 0, 0, 0
Unnamed, 46.34002, 2.642302, 0.08892573, 16, flat, 164.694, 30.89335, 0, 0, 11.89179, 2.65697, -0.2756637, 0.3268529, 0.3268529, 0.842819, 6.53357, 5.479904, -0.08755215, 0.1240082, 0.1240082, 0.9806011, 5.774584, 5.371843, -0.1210655, -0.0149585, -0.0149585, 0.9924191, 5.296388, 4.707526, -0.1496672, -0.1499905, -0.1499905, 0.965715, 5.138088, 6.039133, -0.1310834, -0.373999, -0.373999, 0.8384907, 0.007432372, 0.1944231, 0.1944231, 0.9614282, 0.01211164, -0.1050258, -0.1050258, 48.94151, 24.47076, 0.06081646, 0.1291066, 0.1291066, -0.9813074, 42.05009, 52.56261, 0.3107494, 0.08451547, 0.08451547, 0.942947, 23.75717, 29.69647, 0.6779087, 0, 0, 0.7351462, 57.79863, 72.24828, 0.1652737, -0.04402186, -0.04402186, 0.9842808, 67.57518, 84.46897, 0.04770532, -0.1323543, -0.1323543, 0.9811671, 0, 0, 0, 1, 0, 0, 0
Unnamed, 46.34002, 3.922052, 0.04480958, 11, flat, 164.694, 30.89335, 0, 0, 8.809461, 0.2839303, -0.2403151, 0.3595336, 0.3595336, 0.8268735, 2.608645, 1.053506, -0.08563598, 0.09165455, 0.09165455, 0.987859, 2.049564, 2.593142, -0.08211923, -0.04984295, -0.04984295, 0.9941267, 3.02239, 1.67035, -0.102838, -0.170575, -0.170575, 0.965004, 3.379277, 2.948492, -0.1080421, -0.3732266, -0.3732266, 0.8424551, -0.1391393, -0.1612648, -0.1612648, 0.9636533, -0.08451914, -0.07095565, -0.07095565, 48.94151, 24.47076, 0.06081646, 0.1291066, 0.1291066, -0.9813074, 42.05009, 52.56261, 0.3107494, 0.08451547, 0.08451547, 0.942947, 23.75717, 29.69647, 0.6779087, 0, 0, 0.7351462, 57.79863, 72.24828, 0.1652737, -0.04402186, -0.04402186, 0.9842808, 67.57518, 84.46897, 0.04770532, -0.1323543, -0.1323543, 0.9811671, 0, 0, 0, 1, 0, 0, 0
Unnamed, 46.34002, 5.750864, 0.1698917, 8, flat, 164.694, 30.89335, 0, 0, 7.672148, 1.009882, -0.2274496, 0.3802683, 0.3802683, 0.8118244, 4.431643, 4.947835, -0.027959, 0.09089156, 0.09089156, 0.9913101, 4.511365, 5.556261, -0.04603951, -0.03320118, -0.03320118, 0.9978355, 4.330472, 2.534972, -0.0920886, -0.1647665, -0.1647665, 0.9681032, 4.693941, 3.64685, -0.0947955, -0.3711415, -0.3711415, 0.8458852, -0.1147438, -0.07446797, -0.07446797, 0.987797, -0.07750278, -0.09512551, -0.09512551, 48.94151, 24.47076, 0.06081646, 0.1291066, 0.1291066, -0.9813074, 42.05009, 52.56261, 0.3107494, 0.08451547, 0.08451547, 0.942947, 23.75717, 29.69647, 0.6779087, 0, 0, 0.7351462, 57.79863, 72.24828, 0.1652737, -0.04402186, -0.04402186, 0.9842808, 67.57518, 84.46897, 0.04770532, -0.1323543, -0.1323543, 0.9811671, 0, 0, 0, 1, 0, 0, 0
Unnamed, 46.34002, 8.060201, 0.0973192, 12, flat, 164.694, 30.89335, 0, 0, 9.478407, 2.294393, -0.2063416, 0.398303, 0.398303, 0.8000829, 3.867866, 3.279845, -0.03124559, 0.08120164, 0.08120164, 0.9928929, 4.01298, 4.291355, -0.04979473, -0.04163057, -0.04163057, 0.9970227, 3.941686, 2.641899, -0.07642657, -0.1701723, -0.1701723, 0.9675959, 4.626011, 4.289803, -0.07910006, -0.3711126, -0.3711126, 0.8475224, -0.05781945, -0.193505, -0.193505, 0.9600878, -0.1166405, -0.1207096, -0.1207096, 48.94151, 24.47076, 0.06081646, 0.1291066, 0.1291066, -0.9813074, 42.05009, 52.56261, 0.3107494, 0.08451547, 0.08451547, 0.942947, 23.75717, 29.69647, 0.6779087, 0, 0, 0.7351462, 57.79863, 72.24828, 0.1652737, -0.04402186, -0.04402186, 0.9842808, 67.57518, 84.46897, 0.04770532, -0.1323543, -0.1323543, 0.9811671, 0, 0, 0, 1, 0, 0, 0
Unnamed, 46.34002, 9.37456, 0.1077958, 15, flat, 164.694, 30.89335, 0, 0, 13.18431, 4.100691, -0.2287865, 0.3549295, 0.3549295, 0.8340905, 7.339492, 7.963707, -0.1040785, 0.1067053, 0.1067053, 0.9830543, 7.145452, 7.928231, -0.1551441, -0.004634891, -0.004634891, 0.9878701, 5.763032, 5.180962, -0.2148159, -0.1365231, -0.1365231, 0.9573804, 6.370614, 6.806251, -0.1894899, -0.3565119, -0.3565119, 0.842551, 0.01189791, 0.120354, 0.120354, 0.9853367, -0.05201475, -0.09968641, -0.09968641, 48.94151, 24.47076, 0.06081646, 0.1291066, 0.1291066, -0.9813074, 42.05009, 52.56261, 0.3107494, 0.08451547, 0.08451547, 0.942947, 23.75717, 29.69647, 0.6779087, 0, 0, 0.7351462, 57.79863, 72.24828, 0.1652737, -0.04402186, -0.04402186, 0.9842808, 67.57518, 84.46897, 0.04770532, -0.1323543, -0.1323543, 0.9811671, 0, 0, 0, 1, 0, 0, 0
Unnamed, 46.34002, 12.80043, 0.05600007, 9, flat, 164.694, 30.89335, 0, 0, 8.092016, 3.029184, -0.2138734, 0.3482346, 0.3482346, 0.843637, 5.848212, 5.398299, -0.09789828, 0.1054416, 0.1054416, 0.9839614, 5.838283, 4.735862, -0.1264842, -0.01773402, -0.01773402, 0.9916515, 5.675715, 3.607498, -0.1645957, -0.1235412, -0.1235412, 0.9707643, 5.614298, 3.889122, -0.1602547, -0.3392867, -0.3392867, 0.8626051, -0.2264706, -0.1376144, -0.1376144, 0.9543771, -0.1158664, -0.08505924, -0.08505924, 48.94151, 24.47076, 0.06081646, 0.1291066, 0.1291066, -0.9813074, 42.05009, 52.56261, 0.3107494, 0.08451547, 0.08451547, 0.942947, 23.75717, 29.69647, 0.6779087, 0, 0, 0.7351462, 57.79863, 72.24828, 0.1652737, -0.04402186, -0.04402186, 0.9842808, 67.57518, 84.46897, 0.04770532, -0.1323543, -0.1323543, 0.9811671, 0, 0, 0, 1, 0, 0, 0
Unnamed, 46.34002, 14.4654, 0.1496942, 6, flat, 164.694, 30.89335, 0, 0, 10.43796, 1.737875, -0.2300404, 0.3433748, 0.3433748, 0.8433676, 6.328216, 6.659028, -0.07493067, 0.1082182, 0.1082182, 0.9853746, 7.545821, 7.543922, -0.1190267, -0.003683199, -0.003683199, 0.9928774, 7.029981, 4.826331, -0.1692486, -0.1221282, -0.1221282, 0.9703218, 6.954772, 5.043759, -0.1650373, -0.3370048, -0.3370048, 0.863492, -0.1837053, 0.1183437, 0.1183437, 0.9686289, -0.07291155, -0.09699732, -0.09699732, 48.94151, 24.47076, 0.06081646, 0.1291066, 0.1291066, -0.9813074, 42.05009, 52.56261, 0.3107494, 0.08451547, 0.08451547, 0.942947, 23.75717, 29.69647, 0.6779087, 0, 0, 0.7351462, 57.79863, 72.24828, 0.1652737, -0.04402186, -0.04402186, 0.9842808, 67.57518, 84.46897, 0.04770532, -0.1323543, -0.1323543, 0.9811671, 0, 0, 0, 1, 0, 0, 0
Unnamed, 46.34002, 15.74498, 0.0922856, 1, flat, 164.694, 30.89335, 0, 0, 9.584352, 0.7793398, -0.2337767, 0.3397854, 0.3397854, 0.8452457, 5.592648, 5.367099, -0.09166103, 0.1197784, 0.1197784, 0.981277, 5.89435, 6.62081, -0.1239085, 0.009885194, 0.009885194, 0.9921952, 5.277078, 4.256068, -0.1793625, -0.1086538, -0.1086538, 0.9717087, 5.709456, 5.150504, -0.1788071, -0.3383063, -0.3383063, 0.8597242, -0.1026159, 0.1079329, 0.1079329, 0.98294, -0.05978685, -0.1027633, -0.1027633, 48.94151, 24.47076, 0.06081646, 0.1291066, 0.1291066, -0.9813074, 42.05009, 52.56261, 0.3107494, 0.08451547, 0.08451547, 0.942947, 23.75717, 29.69647, 0.6779087, 0, 0, 0.7351462, 57.79863, 72.24828, 0.1652737, -0.04402186, -0.04402186, 0.9842808, 67.57518, 84.46897, 0.04770532, -0.1323543, -0.1323543, 0.9811671, 0, 0, 0, 1, 0, 0, 0
Unnamed, 46.34002, 17.09072, 0.1309979, 5, flat, 164.694, 30.89335, 0, 0, 13.02797, 2.633365, -0.2416421, 0.3202899, 0.3202899, 0.8581596, 6.71738, 7.582582, -0.09847741, 0.1054634, 0.1054634, 0.983899, 8.363959, 8.542609, -0.1502346, -0.001599409, -0.001599409, 0.9886478, 7.78084, 5.744125, -0.2098599, -0.1117191, -0.1117191, 0.9648817, 7.567686, 5.636038, -0.2096746, -0.3206054, -0.3206054, 0.8662915, -0.1690041, 0.1981319, 0.1981319, 0.9449472, -0.04352425, -0.09951937, -0.09951937, 48.94151, 24.47076, 0.06081646, 0.1291066, 0.1291066, -0.9813074, 42.05009, 52.56261, 0.3107494, 0.08451547, 0.08451547, 0.942947, 23.75717, 29.69647, 0.6779087, 0, 0, 0.7351462, 57.79863, 72.24828, 0.1652737, -0.04402186, -0.04402186, 0.9842808, 67.57518, 84.46897, 0.04770532, -0.1323543, -0.1323543, 0.9811671, 0, 0, 0, 1, 0, 0, 0
Unnamed, 46.34002, 18.17205, 0.1012594, 7, flat, 164.694, 30.89335, 0, 0, 11.25106, 1.673627, -0.2237428, 0.3405235, 0.3405235, 0.8473645, 5.711824, 6.290521, -0.1010775, 0.1035312, 0.1035312, 0.9840457, 6.604736, 6.31404, -0.1398297, -0.01048252, -0.01048252, 0.9900646, 5.929397, 3.706814, -0.1865351, -0.12174, -0.12174, 0.9672453, 5.946595, 3.832263, -0.1840109, -0.3383809, -0.3383809, 0.8585666, -0.2121761, 0.03158039, 0.03158039, 0.9762104, -0.06366266, -0.091414, -0.091414, 48.94151, 24.47076, 0.06081646, 0.1291066, 0.1291066, -0.9813074, 42.05009, 52.56261, 0.3107494, 0.08451547, 0.08451547, 0.942947, 23.75717, 29.69647, 0.6779087, 0, 0, 0.7351462, 57.79863, 72.24828, 0.1652737, -0.04402186, -0.04402186, 0.9842808, 67.57518, 84.46897, 0.04770532, -0.1323543, -0.1323543, 0.9811671, 0, 0, 0, 1, 0, 0, 0
Unnamed, 46.34002, 19.69492, 0.04391797, 2, flat, 164.694, 30.89335, 0, 0, 14.0979, 0.5736903, -0.2631109, 0.3042122, 0.3042122, 0.8635291, 6.103453, 6.058513, -0.1404254, 0.1174519, 0.1174519, 0.9760588, 6.695008, 7.985615, -0.1715935, 0.01216524, 0.01216524, 0.9850177, 5.882399, 5.508119, -0.2275373, -0.0961753, -0.0961753, 0.9642237, 6.411877, 6.569398, -0.206183, -0.3291708, -0.3291708, 0.8606868, -0.08625662, 0.2013711, 0.2013711, 0.9547037, -0.03028407, -0.104553, -0.104553, 48.94151, 24.47076, 0.06081646, 0.1291066, 0.1291066, -0.9813074, 42.05009, 52.56261, 0.3107494, 0.08451547, 0.08451547, 0.942947, 23.75717, 29.69647, 0.6779087, 0, 0, 0.7351462, 57.79863, 72.24828, 0.1652737, -0.04402186, -0.04402186, 0.9842808, 67.57518, 84.46897, 0.04770532, -0.1323543, -0.1323543, 0.9811671, 0, 0, 0, 1, 0, 0, 0
Unnamed, 46.34002, 21.17406, 0.1808558, 13, flat, 164.694, 30.89335, 0, 0, 5.764936, 1.180515, -0.2022099, 0.3942707, 0.3942707, 0.8051164, 5.230907, 5.688443, -0.005049273, 0.06184491, 0.06184491, 0.9961551, 6.356564, 7.551747, -0.01697552, -0.02956214, -0.02956214, 0.9989815, 4.305934, 3.386048, -0.08376472, -0.1428223, -0.1428223, 0.9758008, 5.156169, 4.850584, -0.1108869, -0.3586558, -0.3586558, 0.8546556, -0.01725922, -0.08186712, -0.08186712, 0.9931253, -0.0756081, -0.1262927, -0.1262927, 48.94151, 24.47076, 0.06081646, 0.1291066, 0.1291066, -0.9813074, 42.05009, 52.56261, 0.3107494, 0.08451547, 0.08451547, 0.942947, 23.75717, 29.69647, 0.6779087, 0, 0, 0.7351462, 57.79863, 72.24828, 0.1652737, -0.04402186, -0.04402186, 0.9842808, 67.57518, 84.46897, 0.04770532, -0.1323543, -0.1323543, 0.9811671, 0, 0, 0, 1, 0, 0, 0
Unnamed, 46.34002, 22.22204, 0.05988848, 0, flat, 164.694, 30.89335, 0, 0, 13.13924, 0.4405747, -0.2443525, 0.3473946, 0.3473946, 0.8360178, 5.684893, 5.577665, -0.09021889, 0.07108005, 0.07108005, 0.9908359, 7.582168, 7.95157, -0.1152272, -0.02998551, -0.02998551, 0.9924336, 7.194593, 5.204244, -0.1675983, -0.1443745, -0.1443745, 0.9644806, 7.193284, 5.55679, -0.1683957, -0.3544599, -0.3544599, 0.8487399, -0.1208759, 0.01869168, 0.01869168, 0.9923156, -0.0622915, -0.1036176, -0.1036176, 48.94151, 24.47076, 0.06081646, 0.1291066, 0.1291066, -0.9813074, 42.05009, 52.56261, 0.3107494, 0.08451547, 0.08451547, 0.942947, 23.75717, 29.69647, 0.6779087, 0, 0, 0.7351462, 57.79863, 72.24828, 0.1652737, -0.04402186, -0.04402186, 0.9842808, 67.57518, 84.46897, 0.04770532, -0.1323543, -0.1323543, 0.9811671, 0, 0, 0, 1, 0, 0, 0
Unnamed, 46.34002, 23.93611, 0.1482025, 4, flat, 164.694, 30.89335, 0, 0, 15.83656, 0.6419396, -0.2554421, 0.3160484, 0.3160484, 0.8573076, 6.063397, 7.122986, -0.124752, 0.09303628, 0.09303628, 0.9834254, 8.172554, 8.827126, -0.1635916, -0.013508, -0.013508, 0.9863432, 8.060975, 6.173141, -0.216155, -0.1219736, -0.1219736, 0.9610005, 8.08556, 6.759756, -0.2043668, -0.333564, -0.333564, 0.8577322, -0.1502684, 0.2707693, 0.2707693, 0.9114754, -0.01347088, -0.08760406, -0.08760406, 48.94151, 24.47076, 0.06081646, 0.1291066, 0.1291066, -0.9813074, 42.05009, 52.56261, 0.3107494, 0.08451547, 0.08451547, 0.942947, 23.75717, 29.69647, 0.6779087, 0, 0, 0.7351462, 57.79863, 72.24828, 0.1652737, -0.04402186, -0.04402186, 0.9842808, 67.57518, 84.46897, 0.04770532, -0.1323543, -0.1323543, 0.9811671, 0, 0, 0, 1, 0, 0, 0
Unnamed, 46.34002, 25.58661, 0.07823611, 10, flat, 164.694, 30.89335, 0, 0, 10.28755, 0.835094, -0.2252993, 0.3551324, 0.3551324, 0.8348666, 4.654337, 3.154364, -0.1368406, 0.07854662, 0.07854662, 0.9843453, 5.850423, 4.880219, -0.1485481, -0.03965593, -0.03965593, 0.9873137, 5.656518, 3.523979, -0.1741017, -0.1504875, -0.1504875, 0.961455, 5.327338, 3.979461, -0.1575441, -0.3680464, -0.3680464, 0.8392041, -0.2180585, -0.05879718, -0.05879718, 0.9723869, -0.06990629, -0.06666344, -0.06666344, 48.94151, 24.47076, 0.06081646, 0.1291066, 0.1291066, -0.9813074, 42.05009, 52.56261, 0.3107494, 0.08451547, 0.08451547, 0.942947, 23.75717, 29.69647, 0.6779087, 0, 0, 0.7351462, 57.79863, 72.24828, 0.1652737, -0.04402186, -0.04402186, 0.9842808, 67.57518, 84.46897, 0.04770532, -0.1323543, -0.1323543, 0.9811671, 0, 0, 0, 1, 0, 0, 0
Unnamed, 46.34002, 27.08504, 0.1008572, 17, flat, 164.694, 30.89335, 0, 0, 15.28586, 0.8534044, -0.2908455, 0.3109272, 0.3109272, 0.8497396, 7.614684, 8.496343, -0.1328399, 0.08781613, 0.08781613, 0.9833261, 9.186306, 10.02927, -0.1700177, -0.01422086, -0.01422086, 0.9852358, 7.921296, 8.00967, -0.2241282, -0.1167003, -0.1167003, 0.9604836, 8.494564, 9.236994, -0.205384, -0.3311087, -0.3311087, 0.8593902, -0.01403308, 0.2719361, 0.2719361, 0.9229869, 0.02255879, -0.1143803, -0.1143803, 48.94151, 24.47076, 0.06081646, 0.1291066, 0.1291066, -0.9813074, 42.05009, 52.56261, 0.3107494, 0.08451547, 0.08451547, 0.942947, 23.75717, 29.69647, 0.6779087, 0, 0, 0.7351462, 57.79863, 72.24828, 0.1652737, -0.04402186, -0.04402186, 0.9842808, 67.57518, 84.46897, 0.04770532, -0.1323543, -0.1323543, 0.9811671, 0, 0, 0, 1, 0, 0, 0
Unnamed, 46.34002, 28.76671, 0.1769603, 3, flat, 164.694, 30.89335, 0, 0, 18.29126, 1.91295, -0.2695864, 0.2953482, 0.2953482, 0.8676763, 7.185589, 8.476002, -0.1584564, 0.06933825, 0.06933825, 0.9824846, 9.02306, 10.06449, -0.2002139, -0.01931369, -0.01931369, 0.9793714, 8.655556, 7.100035, -0.2250815, -0.1110871, -0.1110871, 0.9615912, 8.930038, 7.436457, -0.2136574, -0.3106374, -0.3106374, 0.872559, -0.08587592, 0.2600491, 0.2600491, 0.9259451, 0.01661643, -0.1084397, -0.1084397, 48.94151, 24.47076, 0.06081646, 0.1291066, 0.1291066, -0.9813074, 42.05009, 52.56261, 0.3107494, 0.08451547, 0.08451547, 0.942947, 23.75717, 29.69647, 0.6779087, 0, 0, 0.7351462, 57.79863, 72.24828, 0.1652737, -0.04402186, -0.04402186, 0.9842808, 67.57518, 84.46897, 0.04770532, -0.1323543, -0.1323543, 0.9811671, 0, 0, 0, 1, 0, 0, 0
Unnamed, 129.328, 0.4473003, 0.1792452, 10, flat, 174.6758, 86.2187, 0, 0, 12.61205, 3.162731, -0.2724457, 0.328111, 0.328111, 0.8428877, 7.508462, 6.476203, -0.1277883, 0.03728395, 0.03728395, 0.9903989, 8.756925, 9.099389, -0.1313466, -0.06037883, -0.06037883, 0.9876522, 8.114959, 7.239637, -0.1654914, -0.1498837, -0.1498837, 0.9631628, 8.245859, 7.552138, -0.1707191, -0.3478706, -0.3478706, 0.8537137, -0.1920819, -0.08116997, -0.08116997, 0.9746422, 0.002509728, -0.0591387, -0.0591387, 29.46562, 14.73281, 0.02704833, 0.05066834, 0.05066834, -0.9970626, 43.78769, 54.73462, 0.1722303, 0.02157619, 0.02157619, 0.984584, 62.79694, 78.49619, 0.4615397, 0, 0, 0.8871196, 72.02518, 90.03148, 0.3327246, -0.01033024, -0.01033024, 0.9429109, 70.20732, 87.75915, 0.3814799, -0.0303585, -0.0303585, 0.9233796, 0, 0, 0, 1, 0, 0, 0
Unnamed, 129.328, 2.021133, 0.0439293, 1, flat, 174.6758, 86.2187, 0, 0, 14.47111, 1.623533, -0.2830557, 0.3288374, 0.3288374, 0.8388155, 7.89762, 7.57427, -0.1458932, 0.0545113, 0.0545113, 0.9862922, 9.374692, 9.80981, -0.1597381, -0.04461644, -0.04461644, 0.9851409, 8.392834, 8.126998, -0.1983105, -0.1443935, -0.1443935, 0.9586313, 8.922005, 9.010945, -0.197121, -0.3427213, -0.3427213, 0.8521898, -0.09935343, 0.1060805, 0.1060805, 0.9836782, 0.03030533, -0.06288277, -0.06288277, 29.46562, 14.73281, 0.02704833, 0.05066834, 0.05066834, -0.9970626, 43.78769, 54.73462, 0.1722303, 0.02157619, 0.02157619, 0.984584, 62.79694, 78.49619, 0.4615397, 0, 0, 0.8871196, 72.02518, 90.03148, 0.3327246, -0.01033024, -0.01033024, 0.9429109, 70.20732, 87.75915, 0.3814799, -0.0303585, -0.0303585, 0.9233796, 0, 0, 0, 1, 0, 0, 0
Unnamed, 129.328, 3.495888, 0.1269403, 0, flat, 174.6758, 86.2187, 0, 0, 13.15207, 1.206421, -0.2933227, 0.3325197, 0.3325197, 0.83236, 7.941392, 7.440573, -0.1341723, 0.06136853, 0.06136853, 0.9871503, 8.967932, 9.330287, -0.1512915, -0.04141833, -0.04141833, 0.9867522, 7.745369, 7.646883, -0.1940329, -0.1417096, -0.1417096, 0.9603063, 8.121029, 8.67935, -0.1890642, -0.3513187, -0.3513187, 0.8469977, -0.09717634, 0.01599343, 0.01599343, 0.9950101, 0.01742356, -0.05964479, -0.05964479, 29.46562, 14.73281, 0.02704833, 0.05066834, 0.05066834, -0.9970626, 43.78769, 54.73462, 0.1722303, 0.02157619, 0.02157619, 0.984584, 62.79694, 78.49619, 0.4615397, 0, 0, 0.8871196, 72.02518, 90.03148, 0.3327246, -0.01033024, -0.01033024, 0.9429109, 70.20732, 87.75915, 0.3814799, -0.0303585, -0.0303585, 0.9233796, 0, 0, 0, 1, 0, 0, 0
Unnamed, 129.328, 5.351427, 0.1479258, 5, flat, 174.6758, 86.2187, 0, 0, 15.39699, 0.867504, -0.263193, 0.3159558, 0.3159558, 0.8550282, 7.298342, 6.564352, -0.1538393, 0.06186004, 0.06186004, 0.9842156, 9.015892, 8.980673, -0.1659986, -0.03931771, -0.03931771, 0.9845571, 8.378386, 7.466661, -0.1980976, -0.1391864, -0.1391864, 0.9602144, 8.736239, 7.893045, -0.1984054, -0.3357328, -0.3357328, 0.8574395, -0.1742944, 0.1813478, 0.1813478, 0.9507089, 0.03217243, -0.04612097, -0.04612097, 29.46562, 14.73281, 0.02704833, 0.05066834, 0.05066834, -0.9970626, 43.78769, 54.73462, 0.1722303, 0.02157619, 0.02157619, 0.984584, 62.79694, 78.49619, 0.4615397, 0, 0, 0.8871196, 72.02518, 90.03148, 0.3327246, -0.01033024, -0.01033024, 0.9429109, 70.20732, 87.75915, 0.3814799, -0.0303585, -0.0303585, 0.9233796, 0, 0, 0, 1, 0, 0, 0
Unnamed, 129.328, 7.042272, 0.0598664, 11, flat, 174.6758, 86.2187, 0, 0, 9.656487, 0.864793, -0.2653224, 0.3722014, 0.3722014, 0.8077972, 7.383418, 6.729252, -0.04759543, 0.06261763, 0.06261763, 0.9949335, 7.613602, 7.363379, -0.06492554, -0.05914648, -0.05914648, 0.9943783, 6.500683, 4.722524, -0.107173, -0.1766283, -0.1766283, 0.9623507, 6.347798, 5.639028, -0.1027692, -0.3728652, -0.3728652, 0.8434345, -0.1271295, -0.1701631, -0.1701631, 0.9622511, -0.02724295, -0.05942152, -0.05942152, 29.46562, 14.73281, 0.02704833, 0.05066834, 0.05066834, -0.9970626, 43.78769, 54.73462, 0.1722303, 0.02157619, 0.02157619, 0.984584, 62.79694, 78.49619, 0.4615397, 0, 0, 0.8871196, 72.02518, 90.03148, 0.3327246, -0.01033024, -0.01033024, 0.9429109, 70.20732, 87.75915, 0.3814799, -0.0303585, -0.0303585, 0.9233796, 0, 0, 0, 1, 0, 0, 0
Unnamed, 129.328, 8.699696, 0.04102062, 2, flat, 174.6758, 86.2187, 0, 0, 14.74331, 2.216467, -0.2807919, 0.3133928, 0.3133928, 0.8513083, 7.455036, 8.034337, -0.1342371, 0.0669765, 0.0669765, 0.986412, 8.88259, 9.44575, -0.1669075, -0.03396942, -0.03396942, 0.9848015, 8.261608, 7.762228, -0.2121441, -0.1393657, -0.1393657, 0.957157, 8.850595, 8.946019, -0.2031034, -0.3365954, -0.3365954, 0.8556612, -0.1009138, 0.1889967, 0.1889967, 0.9583198, 0.03647284, -0.054272, -0.054272, 29.46562, 14.73281, 0.02704833, 0.05066834, 0.05066834, -0.9970626, 43.78769, 54.73462, 0.1722303, 0.02157619, 0.02157619, 0.984584, 62.79694, 78.49619, 0.4615397, 0, 0, 0.8871196, 72.02518, 90.03148, 0.3327246, -0.01033024, -0.01033024, 0.9429109, 70.20732, 87.75915, 0.3814799, -0.0303585, -0.0303585, 0.9233796, 0, 0, 0, 1, 0, 0, 0
Unnamed, 129.328, 9.860487, 0.0270566, 3, flat, 174.6758, 86.2187, 0, 0, 14.09803, 1.219167, -0.2898904, 0.3039477, 0.3039477, 0.8550996, 7.670433, 8.539459, -0.1034073, 0.09215638, 0.09215638, 0.9860636, 9.128839, 9.692051, -0.1368414, -0.01259611, -0.01259611, 0.9904328, 8.130911, 7.428141, -0.194731, -0.1190536, -0.1190536, 0.9662983, 8.619468, 8.470926, -0.2008943, -0.3165223, -0.3165223, 0.8713604, -0.1035609, 0.258198, 0.258198, 0.9251717, 0.05774003, -0.05782607, -0.05782607, 29.46562, 14.73281, 0.02704833, 0.05066834, 0.05066834, -0.9970626, 43.78769, 54.73462, 0.1722303, 0.02157619, 0.02157619, 0.984584, 62.79694, 78.49619, 0.4615397, 0, 0, 0.8871196, 72.02518, 90.03148, 0.3327246, -0.01033024, -0.01033024, 0.9429109, 70.20732, 87.75915, 0.3814799, -0.0303585, -0.0303585, 0.9233796, 0, 0, 0, 1, 0, 0, 0
Unnamed, 129.328, 11.55073, 0.1384976, 8, flat, 174.6758, 86.2187, 0, 0, 9.937332, 1.310002, -0.3070024, 0.3272562, 0.3272562, 0.8315986, 7.617312, 7.099041, -0.08322514, 0.09049421, 0.09049421, 0.9882789, 7.597914, 7.997749, -0.1023857, -0.0289076, -0.0289076, 0.9939044, 6.351503, 5.322444, -0.1586799, -0.1619589, -0.1619589, 0.9603954, 6.222488, 6.680433, -0.1416011, -0.3752368, -0.3752368, 0.8356697, -0.1038029, -0.08326165, -0.08326165, 0.9876031, 0.0005821437, -0.04917583, -0.04917583, 29.46562, 14.73281, 0.02704833, 0.05066834, 0.05066834, -0.9970626, 43.78769, 54.73462, 0.1722303, 0.02157619, 0.02157619, 0.984584, 62.79694, 78.49619, 0.4615397, 0, 0, 0.8871196, 72.02518, 90.03148, 0.3327246, -0.01033024, -0.01033024, 0.9429109, 70.20732, 87.75915, 0.3814799, -0.0303585, -0.0303585, 0.9233796, 0, 0, 0, 1, 0, 0, 0
Unnamed, 129.328, 12.8104, 0.02785007, 13, flat, 174.6758, 86.2187, 0, 0, 5.70822, 4.492221, -0.2968746, 0.3480313, 0.3480313, 0.8182994, 6.233286, 4.440738, -0.04926321, 0.07762323, 0.07762323, 0.9927348, 5.021178, 4.384856, -0.06362883, -0.02953362, -0.02953362, 0.9970993, 4.225542, 3.969262, -0.07133363, -0.1671638, -0.1671638, 0.9690326, 4.248238, 4.702947, -0.06357396, -0.3698474, -0.3698474, 0.8499319, -0.01998134, -0.09938521, -0.09938521, 0.9898717, -0.001748845, -0.06503579, -0.06503579, 29.46562, 14.73281, 0.02704833, 0.05066834, 0.05066834, -0.9970626, 43.78769, 54.73462, 0.1722303, 0.02157619, 0.02157619, 0.984584, 62.79694, 78.49619, 0.4615397, 0, 0, 0.8871196, 72.02518, 90.03148, 0.3327246, -0.01033024, -0.01033024, 0.9429109, 70.20732, 87.75915, 0.3814799, -0.0303585, -0.0303585, 0.9233796, 0, 0, 0, 1, 0, 0, 0
Unnamed, 129.328, 15.36456, 0.1277396, 4, flat, 174.6758, 86.2187, 0, 0, 17.18664, 0.7571809, -0.2687398, 0.2976107, 0.2976107, 0.8663918, 6.972011, 7.439992, -0.1347951, 0.09089515, 0.09089515, 0.9825001, 8.0106, 9.237972, -0.1582117, -0.01769934, -0.01769934, 0.9870879, 8.058784, 7.389659, -0.1956639, -0.1157506, -0.1157506, 0.9669123, 8.474958, 7.631546, -0.2036917, -0.313547, -0.313547, 0.872861, -0.1652389, 0.2495182, 0.2495182, 0.9209656, 0.06698573, -0.04028508, -0.04028508, 29.46562, 14.73281, 0.02704833, 0.05066834, 0.05066834, -0.9970626, 43.78769, 54.73462, 0.1722303, 0.02157619, 0.02157619, 0.984584, 62.79694, 78.49619, 0.4615397, 0, 0, 0.8871196, 72.02518, 90.03148, 0.3327246, -0.01033024, -0.01033024, 0.9429109, 70.20732, 87.75915, 0.3814799, -0.0303585, -0.0303585, 0.9233796, 0, 0, 0, 1, 0, 0, 0
Unnamed, 129.328, 17.17217, 0.01808359, 14, flat, 174.6758, 86.2187, 0, 0, 5.827361, 1.673744, -0.3195173, 0.3340355, 0.3340355, 0.8214313, 5.990114, 4.219001, -0.04609505, 0.1019374, 0.1019374, 0.98848, 3.844915, 3.408237, -0.06334336, -0.004099109, -0.004099109, 0.997975, 3.46515, 3.390267, -0.09500378, -0.1338045, -0.1338045, 0.9773265, 3.544918, 4.614903, -0.08749515, -0.3643187, -0.3643187, 0.8525775, -0.007764363, -0.002569765, -0.002569765, 0.9999633, 0.02021681, -0.0858154, -0.0858154, 29.46562, 14.73281, 0.02704833, 0.05066834, 0.05066834, -0.9970626, 43.78769, 54.73462, 0.1722303, 0.02157619, 0.02157619, 0.984584, 62.79694, 78.49619, 0.4615397, 0, 0, 0.8871196, 72.02518, 90.03148, 0.3327246, -0.01033024, -0.01033024, 0.9429109, 70.20732, 87.75915, 0.3814799, -0.0303585, -0.0303585, 0.9233796, 0, 0, 0, 1, 0, 0, 0
Unnamed, 129.328, 18.43265, 0.0420178, 7, flat, 174.6758, 86.2187, 0, 0, 11.98987, 0.6308707, -0.2758283, 0.3286867, 0.3286867, 0.8413376, 7.355941, 7.698119, -0.1108999, 0.07650834, 0.07650834, 0.9879242, 8.367832, 9.616788, -0.1276565, -0.03270812, -0.03270812, 0.9907392, 6.97443, 6.062136, -0.1921874, -0.1497752, -0.1497752, 0.9582269, 7.299149, 6.659676, -0.182529, -0.3630751, -0.3630751, 0.8384725, -0.1995322, 0.006657308, 0.006657308, 0.9798461, 0.02232395, -0.04639652, -0.04639652, 29.46562, 14.73281, 0.02704833, 0.05066834, 0.05066834, -0.9970626, 43.78769, 54.73462, 0.1722303, 0.02157619, 0.02157619, 0.984584, 62.79694, 78.49619, 0.4615397, 0, 0, 0.8871196, 72.02518, 90.03148, 0.3327246, -0.01033024, -0.01033024, 0.9429109, 70.20732, 87.75915, 0.3814799, -0.0303585, -0.0303585, 0.9233796, 0, 0, 0, 1, 0, 0, 0
Unnamed, 129.328, 20.27313, 0.107942, 6, flat, 174.6758, 86.2187, 0, 0, 15.26562, 1.664481, -0.2677556, 0.3026242, 0.3026242, 0.8632174, 6.701684, 6.840485, -0.1373309, 0.07589943, 0.07589943, 0.9846923, 7.767813, 8.752975, -0.1712772, -0.0244657, -0.0244657, 0.9846151, 7.627019, 6.693192, -0.2223195, -0.1271011, -0.1271011, 0.9582613, 7.93385, 7.128795, -0.2017247, -0.3398809, -0.3398809, 0.8533868, -0.2069254, 0.0893499, 0.0893499, 0.9701625, 0.03902376, -0.03809947, -0.03809947, 29.46562, 14.73281, 0.02704833, 0.05066834, 0.05066834, -0.9970626, 43.78769, 54.73462, 0.1722303, 0.02157619, 0.02157619, 0.984584, 62.79694, 78.49619, 0.4615397, 0, 0, 0.8871196, 72.02518, 90.03148, 0.3327246, -0.01033024, -0.01033024, 0.9429109, 70.20732, 87.75915, 0.3814799, -0.0303585, -0.0303585, 0.9233796, 0, 0, 0, 1, 0, 0, 0
Unnamed, 129.328, 22.08182, 0.07366443, 12, flat, 174.6758, 86.2187, 0, 0, 6.976539, 1.946821, -0.283852, 0.3722732, 0.3722732, 0.8014072, 7.089583, 5.947057, -0.03498394, 0.06689532, 0.06689532, 0.9949001, 6.47163, 7.217327, -0.055548, -0.04747548, -0.04747548, 0.9961961, 5.327338, 5.490872, -0.08652199, -0.1724741, -0.1724741, 0.9659293, 5.641217, 6.429681, -0.0740912, -0.3707144, -0.3707144, 0.8483232, -0.05280397, -0.1837009, -0.1837009, 0.9642197, -0.04081881, -0.08650193, -0.08650193, 29.46562, 14.73281, 0.02704833, 0.05066834, 0.05066834, -0.9970626, 43.78769, 54.73462, 0.1722303, 0.02157619, 0.02157619, 0.984584, 62.79694, 78.49619, 0.4615397, 0, 0, 0.8871196, 72.02518, 90.03148, 0.3327246, -0.01033024, -0.01033024, 0.9429109, 70.20732, 87.75915, 0.3814799, -0.0303585, -0.0303585, 0.9233796, 0, 0, 0, 1, 0, 0, 0
Unnamed, 129.328, 24.76784, 0.08162206, 9, flat, 174.6758, 86.2187, 0, 0, 9.809249, 1.39297, -0.2695597, 0.3512726, 0.3512726, 0.8249562, 6.629128, 6.516651, -0.08013201, 0.05736757, 0.05736757, 0.9934772, 7.684927, 8.262131, -0.08910254, -0.0537425, -0.0537425, 0.9931185, 6.37526, 5.136562, -0.1418605, -0.1651616, -0.1651616, 0.961935, 6.640448, 6.026428, -0.142483, -0.368828, -0.368828, 0.8412078, -0.2181079, -0.1531849, -0.1531849, 0.9515765, -0.0292072, -0.04204237, -0.04204237, 29.46562, 14.73281, 0.02704833, 0.05066834, 0.05066834, -0.9970626, 43.78769, 54.73462, 0.1722303, 0.02157619, 0.02157619, 0.984584, 62.79694, 78.49619, 0.4615397, 0, 0, 0.8871196, 72.02518, 90.03148, 0.3327246, -0.01033024, -0.01033024, 0.9429109, 70.20732, 87.75915, 0.3814799, -0.0303585, -0.0303585, 0.9233796, 0, 0, 0, 1, 0, 0, 0
Unnamed, 129.328, 26.57521, 0.1178271, 17, flat, 174.6758, 86.2187, 0, 0, 3.294912, 0.6449805, -0.2381021, 0.3518392, 0.3518392, 0.8341018, 3.049858, 0.9516218, -0.003834566, 0.07282768, 0.07282768, 0.9946746, 1.832376, 0.7770769, 0.005818814, -0.01654151, -0.01654151, 0.9997094, 1.828099, 0.8634343, -0.0250972, -0.1077359, -0.1077359, 0.9880061, 2.750294, 0.1619255, -0.07873917, -0.3261127, -0.3261127, 0.8837993, 0.01762013, 0.2599656, 0.2599656, 0.9297985, 0.06560792, -0.08642642, -0.08642642, 29.46562, 14.73281, 0.02704833, 0.05066834, 0.05066834, -0.9970626, 43.78769, 54.73462, 0.1722303, 0.02157619, 0.02157619, 0.984584, 62.79694, 78.49619, 0.4615397, 0, 0, 0.8871196, 72.02518, 90.03148, 0.3327246, -0.01033024, -0.01033024, 0.9429109, 70.20732, 87.75915, 0.3814799, -0.0303585, -0.0303585, 0.9233796, 0, 0, 0, 1, 0, 0, 0
Unnamed, 129.328, 27.92032, 0.08850577, 16, flat, 174.6758, 86.2187, 0, 0, 4.690309, 3.320364, -0.2898099, 0.3327515, 0.3327515, 0.8334045, 3.738269, 2.15386, -0.01568665, 0.08646555, 0.08646555, 0.9923716, 1.612769, 1.223014, -0.02386817, -0.008141181, -0.008141181, 0.9996489, 1.832803, 1.759808, -0.05924639, -0.1145826, -0.1145826, 0.9850034, 1.7529, 1.959047, -0.1011043, -0.3297347, -0.3297347, 0.878822, 0.02127529, 0.1949459, 0.1949459, 0.9610097, 0.05031067, -0.07679212, -0.07679212, 29.46562, 14.73281, 0.02704833, 0.05066834, 0.05066834, -0.9970626, 43.78769, 54.73462, 0.1722303, 0.02157619, 0.02157619, 0.984584, 62.79694, 78.49619, 0.4615397, 0, 0, 0.8871196, 72.02518, 90.03148, 0.3327246, -0.01033024, -0.01033024, 0.9429109, 70.20732, 87.75915, 0.3814799, -0.0303585, -0.0303585, 0.9233796, 0, 0, 0, 1, 0, 0, 0
Unnamed, 129.328, 29.66361, 0.09023097, 15, flat, 174.6758, 86.2187, 0, 0, 6.238851, 8.254832, -0.3335261, 0.3096115, 0.3096115, 0.8348904, 7.0046, 6.43721, -0.07502923, 0.0567512, 0.0567512, 0.9939463, 5.361693, 5.665761, -0.1102995, -0.02759074, -0.02759074, 0.9931322, 5.55238, 5.731316, -0.142789, -0.1260169, -0.1260169, 0.9735764, 5.619706, 6.836355, -0.1366742, -0.351871, -0.351871, 0.8565593, -0.007656419, 0.1055493, 0.1055493, 0.988767, 0.03211983, -0.06680587, -0.06680587, 29.46562, 14.73281, 0.02704833, 0.05066834, 0.05066834, -0.9970626, 43.78769, 54.73462, 0.1722303, 0.02157619, 0.02157619, 0.984584, 62.79694, 78.49619, 0.4615397, 0, 0, 0.8871196, 72.02518, 90.03148, 0.3327246, -0.01033024, -0.01033024, 0.9429109, 70.20732, 87.75915, 0.3814799, -0.0303585, -0.0303585, 0.9233796, 0, 0, 0, 1, 0, 0, 0
Unnamed, 322.774, 2.816287, 0.0400127, 15, flat, 153.399, 124.0703, 68.3343, 0, 16.62988, 23.30114, -0.02073466, 0.3575958, 0.3575958, 0.8624504, 12.40819, 14.48997, -0.1663082, 0.01589457, 0.01589457, 0.9858176, 12.59125, 12.54586, -0.1864127, -0.07366632, -0.07366632, 0.9769324, 10.82435, 10.8478, -0.17959, -0.1496011, -0.1496011, 0.9607219, 11.93243, 11.16897, -0.1523852, -0.328633, -0.328633, 0.8722268, -0.1916636, 0.06505528, 0.06505528, 0.9771391, 0.06881498, -0.04564312, -0.04564312, 35.42376, 17.71188, -0.1185787, 0.05365967, 0.05365967, -0.9900406, 43.17545, 53.96932, 0.5690795, 0.116151, 0.116151, 0.8057087, 65.55947, 81.94934, 0.1410232, 0, 0, 0.9900063, 21.32739, 26.65924, 0.6688843, -0.05303433, -0.05303433, 0.7395733, 18.90953, 23.63692, 0.1544138, -0.2059328, -0.2059328, 0.9441079, 0, 0, 0, 1, 0, 0, 0
Unnamed, 322.774, 5.003359, 0.04982383, 6, flat, 153.399, 124.0703, 68.3343, 0, 5.860466, 14.89229, 0.01005974, 0.3323281, 0.3323281, 0.8826182, 13.07531, 14.88573, -0.1300001, 0.02912552, 0.02912552, 0.990658, 14.13071, 12.65847, -0.1739916, -0.05094182, -0.05094182, 0.9821084, 13.69024, 11.38007, -0.183176, -0.1218915, -0.1218915, 0.967849, 13.93371, 11.74793, -0.1809957, -0.289222, -0.289222, 0.8943947, -0.3802925, 0.03887625, 0.03887625, 0.9232307, 0.09571899, -0.01865357, -0.01865357, 35.42376, 17.71188, -0.1185787, 0.05365967, 0.05365967, -0.9900406, 43.17545, 53.96932, 0.5690795, 0.116151, 0.116151, 0.8057087, 65.55947, 81.94934, 0.1410232, 0, 0, 0.9900063, 21.32739, 26.65924, 0.6688843, -0.05303433, -0.05303433, 0.7395733, 18.90953, 23.63692, 0.1544138, -0.2059328, -0.2059328, 0.9441079, 0, 0, 0, 1, 0, 0, 0
Unnamed, 322.774, 7.206722, 0.1231063, 9, flat, 153.399, 124.0703, 68.3343, 0, 4.2824, 14.58414, -0.0009293074, 0.3238283, 0.3238283, 0.8889711, 17.89087, 18.22265, -0.1400475, 0.02773616, 0.02773616, 0.9893676, 18.66124, 17.96833, -0.1811162, -0.05187163, -0.05187163, 0.980722, 17.71115, 17.49006, -0.1803617, -0.1286685, -0.1286685, 0.9666222, 17.84112, 17.84304, -0.1619039, -0.2917087, -0.2917087, 0.896437, -0.3358839, -0.2188117, -0.2188117, 0.8896207, 0.06841548, -0.03461209, -0.03461209, 35.42376, 17.71188, -0.1185787, 0.05365967, 0.05365967, -0.9900406, 43.17545, 53.96932, 0.5690795, 0.116151, 0.116151, 0.8057087, 65.55947, 81.94934, 0.1410232, 0, 0, 0.9900063, 21.32739, 26.65924, 0.6688843, -0.05303433, -0.05303433, 0.7395733, 18.90953, 23.63692, 0.1544138, -0.2059328, -0.2059328, 0.9441079, 0, 0, 0, 1, 0, 0, 0
Unnamed, 322.774, 8.565327, 0.08614471, 1, flat, 153.399, 124.0703, 68.3343, 0, 3.956017, 13.59739, 0.05972772, 0.3227921, 0.3227921, 0.887718, 13.3749, 18.38258, -0.1238483, 0.03664253, 0.03664253, 0.9909472, 14.56655, 13.68242, -0.1908577, -0.04919779, -0.04919779, 0.9791489, 12.728, 11.74685, -0.2049318, -0.1376182, -0.1376182, 0.9592317, 12.68382, 12.09721, -0.180223, -0.3287623, -0.3287623, 0.8668048, -0.2919333, 0.03915403, 0.03915403, 0.9548345, 0.1075337, -0.03120562, -0.03120562, 35.42376, 17.71188, -0.1185787, 0.05365967, 0.05365967, -0.9900406, 43.17545, 53.96932, 0.5690795, 0.116151, 0.116151, 0.8057087, 65.55947, 81.94934, 0.1410232, 0, 0, 0.9900063, 21.32739, 26.65924, 0.6688843, -0.05303433, -0.05303433, 0.7395733, 18.90953, 23.63692, 0.1544138, -0.2059328, -0.2059328, 0.9441079, 0, 0, 0, 1, 0, 0, 0
Unnamed, 322.774, 9.840812, 0.02420462, 16, flat, 153.399, 124.0703, 68.3343, 0, 6.399664, 13.64076, 0.05538308, 0.3535404, 0.3535404, 0.8642634, 27.85874, 33.58912, 0.004693529, 0.04852986, 0.04852986, 0.9976311, 18.1447, 16.40989, -0.1674986, -0.04981898, -0.04981898, 0.9833516, 14.86035, 12.3429, -0.205477, -0.1451951, -0.1451951, 0.9568782, 14.12396, 12.06474, -0.1687249, -0.3478684, -0.3478684, 0.8541119, -0.208453, 0.1611388, 0.1611388, 0.951113, 0.1348461, -0.03920832, -0.03920832, 35.42376, 17.71188, -0.1185787, 0.05365967, 0.05365967, -0.9900406, 43.17545, 53.96932, 0.5690795, 0.116151, 0.116151, 0.8057087, 65.55947, 81.94934, 0.1410232, 0, 0, 0.9900063, 21.32739, 26.65924, 0.6688843, -0.05303433, -0.05303433, 0.7395733, 18.90953, 23.63692, 0.1544138, -0.2059328, -0.2059328, 0.9441079, 0, 0, 0, 1, 0, 0, 0
Unnamed, 322.774, 11.99484, 0.05115537, 8, flat, 153.399, 124.0703, 68.3343, 0, 0.6798376, 10.77623, 0.001137228, 0.3295265, 0.3295265, 0.8847731, 14.77492, 14.3082, -0.1515712, 0.05833308, 0.05833308, 0.9849979, 16.25922, 15.96906, -0.1800119, -0.03947087, -0.03947087, 0.9820794, 16.68798, 16.33551, -0.1824137, -0.1276499, -0.1276499, 0.9665073, 16.24736, 16.30107, -0.1551335, -0.3045003, -0.3045003, 0.8890966, -0.2590955, -0.1530301, -0.1530301, 0.9412933, 0.09959886, -0.02700695, -0.02700695, 35.42376, 17.71188, -0.1185787, 0.05365967, 0.05365967, -0.9900406, 43.17545, 53.96932, 0.5690795, 0.116151, 0.116151, 0.8057087, 65.55947, 81.94934, 0.1410232, 0, 0, 0.9900063, 21.32739, 26.65924, 0.6688843, -0.05303433, -0.05303433, 0.7395733, 18.90953, 23.63692, 0.1544138, -0.2059328, -0.2059328, 0.9441079, 0, 0, 0, 1, 0, 0, 0
Unnamed, 322.774, 13.94942, 0.1241011, 0, flat, 153.399, 124.0703, 68.3343, 0, 0.3961419, 11.02482, 0.03373315, 0.3210582, 0.3210582, 0.89034, 14.85375, 15.62926, -0.1569768, 0.03658779, 0.03658779, 0.9862459, 15.19152, 14.91561, -0.1911306, -0.04938746, -0.04938746, 0.9790766, 14.26754, 14.44516, -0.1995454, -0.1359011, -0.1359011, 0.9608556, 14.30618, 14.64419, -0.1773734, -0.3222769, -0.3222769, 0.8722464, -0.2745607, -0.04466383, -0.04466383, 0.9594929, 0.1082097, -0.03222266, -0.03222266, 35.42376, 17.71188, -0.1185787, 0.05365967, 0.05365967, -0.9900406, 43.17545, 53.96932, 0.5690795, 0.116151, 0.116151, 0.8057087, 65.55947, 81.94934, 0.1410232, 0, 0, 0.9900063, 21.32739, 26.65924, 0.6688843, -0.05303433, -0.05303433, 0.7395733, 18.90953, 23.63692, 0.1544138, -0.2059328, -0.2059328, 0.9441079, 0, 0, 0, 1, 0, 0, 0
Unnamed, 322.774, 16.11965, 0.0752853, 7, flat, 153.399, 124.0703, 68.3343, 0, 1.577684, 10.1273, 0.03030531, 0.3130129, 0.3130129, 0.8961738, 13.9346, 14.48053, -0.1529316, 0.04185414, 0.04185414, 0.9864626, 15.03615, 13.99497, -0.1850095, -0.04103509, -0.04103509, 0.9810218, 14.63287, 13.78475, -0.1912291, -0.1280039, -0.1280039, 0.964708, 14.68033, 14.25632, -0.1738492, -0.3064222, -0.3064222, 0.8843005, -0.3638108, -0.06563968, -0.06563968, 0.9268358, 0.1051023, -0.0276176, -0.0276176, 35.42376, 17.71188, -0.1185787, 0.05365967, 0.05365967, -0.9900406, 43.17545, 53.96932, 0.5690795, 0.116151, 0.116151, 0.8057087, 65.55947, 81.94934, 0.1410232, 0, 0, 0.9900063, 21.32739, 26.65924, 0.6688843, -0.05303433, -0.05303433, 0.7395733, 18.90953, 23.63692, 0.1544138, -0.2059328, -0.2059328, 0.9441079, 0, 0, 0, 1, 0, 0, 0
Unnamed, 322.774, 19.0689, 0.09064484, 5, flat, 153.399, 124.0703, 68.3343, 0, 9.483444, 12.25158, 0.06627727, 0.3314467, 0.3314467, 0.8808482, 29.03976, 37.46944, 0.1365449, 0.07120342, 0.07120342, 0.9855027, 31.23915, 32.25368, 0.1434127, -0.002032867, -0.002032867, 0.9896588, 40.27716, 73.61535, 0.3884162, -0.03582033, -0.03582033, 0.9200906, 41.51193, 72.15421, 0.3438507, -0.1070798, -0.1070798, 0.9267333, -0.3918574, 0.1234716, 0.1234716, 0.9033036, 0.152176, -0.0286518, -0.0286518, 35.42376, 17.71188, -0.1185787, 0.05365967, 0.05365967, -0.9900406, 43.17545, 53.96932, 0.5690795, 0.116151, 0.116151, 0.8057087, 65.55947, 81.94934, 0.1410232, 0, 0, 0.9900063, 21.32739, 26.65924, 0.6688843, -0.05303433, -0.05303433, 0.7395733, 18.90953, 23.63692, 0.1544138, -0.2059328, -0.2059328, 0.9441079, 0, 0, 0, 1, 0, 0, 0
Unnamed, 322.774, 21.27947, 0.1172273, 4, flat, 153.399, 124.0703, 68.3343, 0, 9.496949, 13.04638, 0.04454156, 0.31697, 0.31697, 0.8927912, 22.00415, 34.03839, 0.1310733, 0.06345903, 0.06345903, 0.9873022, 8.522377, 30.51273, 0.1306696, 0.005113049, 0.005113049, 0.9913996, 39.73803, 74.2431, 0.4595398, -0.02841033, -0.02841033, 0.887248, 39.56321, 72.65111, 0.4280773, -0.07775198, -0.07775198, 0.8970279, -0.3728227, 0.2028933, 0.2028933, 0.8824239, 0.1908917, -0.01894906, -0.01894906, 35.42376, 17.71188, -0.1185787, 0.05365967, 0.05365967, -0.9900406, 43.17545, 53.96932, 0.5690795, 0.116151, 0.116151, 0.8057087, 65.55947, 81.94934, 0.1410232, 0, 0, 0.9900063, 21.32739, 26.65924, 0.6688843, -0.05303433, -0.05303433, 0.7395733, 18.90953, 23.63692, 0.1544138, -0.2059328, -0.2059328, 0.9441079, 0, 0, 0, 1, 0, 0, 0
Unnamed, 322.774, 24.42743, 0.1403264, 12, flat, 153.399, 124.0703, 68.3343, 0, 31.2494, 31.30732, -0.04149638, 0.4143505, 0.4143505, 0.8092622, 38.86647, 51.26216, 0.1272776, 0.07668789, 0.07668789, 0.9859201, 39.29469, 54.89492, 0.2313376, -0.01682747, -0.01682747, 0.9725825, 43.8026, 77.16221, 0.4875377, -0.01736056, -0.01736056, 0.8727567, 47.98941, 87.44665, 0.5162216, -0.03817018, -0.03817018, 0.8547522, -0.1941013, -0.2426032, -0.2426032, 0.9190279, 0.02091414, -0.07833661, -0.07833661, 35.42376, 17.71188, -0.1185787, 0.05365967, 0.05365967, -0.9900406, 43.17545, 53.96932, 0.5690795, 0.116151, 0.116151, 0.8057087, 65.55947, 81.94934, 0.1410232, 0, 0, 0.9900063, 21.32739, 26.65924, 0.6688843, -0.05303433, -0.05303433, 0.7395733, 18.90953, 23.63692, 0.1544138, -0.2059328, -0.2059328, 0.9441079, 0, 0, 0, 1, 0, 0, 0
Unnamed, 322.774, 26.53175, 0.05306653, 10, flat, 153.399, 124.0703, 68.3343, 0, 15.76021, 12.43445, 0.1126909, 0.3535146, 0.3535146, 0.8586941, 48.85581, 64.2553, 0.1150445, 0.05163912, 0.05163912, 0.9906723, 54.29607, 65.27016, 0.103101, -0.04583117, -0.04583117, 0.9925569, 42.23434, 71.54846, 0.3938422, -0.04647909, -0.04647909, 0.9168248, 42.36172, 74.82953, 0.4012651, -0.1221183, -0.1221183, 0.8995335, -0.3625145, -0.1471241, -0.1471241, 0.908456, 0.06135377, -0.0373553, -0.0373553, 35.42376, 17.71188, -0.1185787, 0.05365967, 0.05365967, -0.9900406, 43.17545, 53.96932, 0.5690795, 0.116151, 0.116151, 0.8057087, 65.55947, 81.94934, 0.1410232, 0, 0, 0.9900063, 21.32739, 26.65924, 0.6688843, -0.05303433, -0.05303433, 0.7395733, 18.90953, 23.63692, 0.1544138, -0.2059328, -0.2059328, 0.9441079, 0, 0, 0, 1, 0, 0, 0
Unnamed, 322.774, 28.48713, 0.09900143, 3, flat, 153.399, 124.0703, 68.3343, 0, 11.03276, 14.74971, 0.05213267, 0.3484066, 0.3484066, 0.8686242, 29.1946, 37.22451, 0.1768121, 0.06805094, 0.06805094, 0.9795283, 26.18667, 34.80022, 0.1476305, -0.006182004, -0.006182004, 0.989004, 36.80159, 61.4385, 0.3530615, -0.0317585, -0.0317585, 0.9345215, 34.57066, 65.81788, 0.4103481, -0.1029337, -0.1029337, 0.9002354, -0.2799012, 0.2067171, 0.2067171, 0.914435, 0.1828445, -0.01678097, -0.01678097, 35.42376, 17.71188, -0.1185787, 0.05365967, 0.05365967, -0.9900406, 43.17545, 53.96932, 0.5690795, 0.116151, 0.116151, 0.8057087, 65.55947, 81.94934, 0.1410232, 0, 0, 0.9900063, 21.32739, 26.65924, 0.6688843, -0.05303433, -0.05303433, 0.7395733, 18.90953, 23.63692, 0.1544138, -0.2059328, -0.2059328, 0.9441079, 0, 0, 0, 1, 0, 0, 0
Unnamed, 322.774, 31.60263, 0.06464188, 14, flat, 153.399, 124.0703, 68.3343, 0, 25.01609, 25.47835, 0.01989155, 0.3812065, 0.3812065, 0.8420022, 18.48292, 23.21491, 0.02383834, 0.0757616, 0.0757616, 0.9939578, 22.32269, 29.5146, 0.07083116, -0.03608374, -0.03608374, 0.9961821, 40.77497, 72.97008, 0.4396697, -0.04345382, -0.04345382, 0.8960547, 45.12983, 81.6681, 0.4789662, -0.07872862, -0.07872862, 0.8707439, -0.192817, -0.07715301, -0.07715301, 0.9751495, 0.04214074, -0.07693304, -0.07693304, 35.42376, 17.71188, -0.1185787, 0.05365967, 0.05365967, -0.9900406, 43.17545, 53.96932, 0.5690795, 0.116151, 0.116151, 0.8057087, 65.55947, 81.94934, 0.1410232, 0, 0, 0.9900063, 21.32739, 26.65924, 0.6688843, -0.05303433, -0.05303433, 0.7395733, 18.90953, 23.63692, 0.1544138, -0.2059328, -0.2059328, 0.9441079, 0, 0, 0, 1, 0, 0, 0
Unnamed, 322.774, 32.67914, 0.1627687, 13, flat, 153.399, 124.0703, 68.3343, 0, 24.16895, 26.66874, 0.0500106, 0.351743, 0.351743, 0.8660558, 12.23279, 15.02413, 0.05995254, 0.09374497, 0.09374497, 0.9893581, 15.05919, 21.36693, 0.1137985, -0.06573543, -0.06573543, 0.9891449, 43.28739, 84.12159, 0.5793955, -0.03059459, -0.03059459, 0.8138974, 43.77353, 85.30336, 0.5761284, -0.04868947, -0.04868947, 0.8144537, -0.1942278, -0.1723611, -0.1723611, 0.9501889, 0.02478948, -0.07444954, -0.07444954, 35.42376, 17.71188, -0.1185787, 0.05365967, 0.05365967, -0.9900406, 43.17545, 53.96932, 0.5690795, 0.116151, 0.116151, 0.8057087, 65.55947, 81.94934, 0.1410232, 0, 0, 0.9900063, 21.32739, 26.65924, 0.6688843, -0.05303433, -0.05303433, 0.7395733, 18.90953, 23.63692, 0.1544138, -0.2059328, -0.2059328, 0.9441079, 0, 0, 0, 1, 0, 0, 0
Unnamed, 322.774, 35.24772, 0.1925777, 2, flat, 153.399, 124.0703, 68.3343, 0, 14.71796, 17.30109, 0.07009379, 0.2949225, 0.2949225, 0.9061613, 20.16653, 25.42171, -0.01630401, 0.04506301, 0.04506301, 0.9978341, 16.0017, 22.35426, -0.03728189, -0.04369065, -0.04369065, 0.9973928, 34.39005, 50.41476, 0.1841565, -0.07258049, -0.07258049, 0.9775227, 33.59184, 59.4899, 0.3439051, -0.09255245, -0.09255245, 0.9298373, -0.312522, 0.1566994, 0.1566994, 0.9236994, 0.2010093, -0.004412264, -0.004412264, 35.42376, 17.71188, -0.1185787, 0.05365967, 0.05365967, -0.9900406, 43.17545, 53.96932, 0.5690795, 0.116151, 0.116151, 0.8057087, 65.55947, 81.94934, 0.1410232, 0, 0, 0.9900063, 21.32739, 26.65924, 0.6688843, -0.05303433, -0.05303433, 0.7395733, 18.90953, 23.63692, 0.1544138, -0.2059328, -0.2059328, 0.9441079, 0, 0, 0, 1, 0, 0, 0
Unnamed, 322.774, 38.44743, 0.1865785, 17, flat, 153.399, 124.0703, 68.3343, 0, 13.21318, 16.18007, 0.05588087, 0.3457425, 0.3457425, 0.870518, 29.10687, 38.28832, 0.1621481, 0.06410585, 0.06410585, 0.9825929, 28.36572, 36.43803, 0.1331727, -0.005442516, -0.005442516, 0.991063, 37.78932, 62.61465, 0.3557708, -0.03649545, -0.03649545, 0.933147, 37.81131, 66.09921, 0.3448558, -0.1140675, -0.1140675, 0.9246901, -0.2157579, 0.2317938, 0.2317938, 0.9197781, 0.196109, -0.04464424, -0.04464424, 35.42376, 17.71188, -0.1185787, 0.05365967, 0.05365967, -0.9900406, 43.17545, 53.96932, 0.5690795, 0.116151, 0.116151, 0.8057087, 65.55947, 81.94934, 0.1410232, 0, 0, 0.9900063, 21.32739, 26.65924, 0.6688843, -0.05303433, -0.05303433, 0.7395733, 18.90953, 23.63692, 0.1544138, -0.2059328, -0.2059328, 0.9441079, 0, 0, 0, 1, 0, 0, 0
Unnamed, 322.774, 41.44767, 0.08283821, 11, flat, 153.399, 124.0703, 68.3343, 0, 24.443, 24.20644, 0.04100974, 0.3712036, 0.3712036, 0.8501377, 18.75116, 27.05489, 0.05801091, 0.07239548, 0.07239548, 0.9930522, 15.97147, 24.52922, 0.07838545, -0.02940298, -0.02940298, 0.9960555, 38.29337, 68.77847, 0.400459, -0.03921156, -0.03921156, 0.9146352, 42.03849, 75.87265, 0.4306393, -0.09998836, -0.09998836, 0.8913779, -0.2862268, -0.2384303, -0.2384303, 0.8968703, 0.0680748, -0.06614214, -0.06614214, 35.42376, 17.71188, -0.1185787, 0.05365967, 0.05365967, -0.9900406, 43.17545, 53.96932, 0.5690795, 0.116151, 0.116151, 0.8057087, 65.55947, 81.94934, 0.1410232, 0, 0, 0.9900063, 21.32739, 26.65924, 0.6688843, -0.05303433, -0.05303433, 0.7395733, 18.90953, 23.63692, 0.1544138, -0.2059328, -0.2059328, 0.9441079, 0, 0, 0, 1, 0, 0, 0
Unnamed, 809.6426, 2.833258, 0.1054509, 11, custom1, 200.4195, 534.1727, 0, 4.191772, 13.85424, 13.04697, 0.1820951, 0.2418372, 0.2418372, 0.9218845, 26.24425, 42.22968, 0.4348814, 0.04529236, 0.04529236, 0.8982068, 17.62161, 26.95358, 0.235213, -0.07164569, -0.07164569, 0.9666482, 36.72252, 76.72157, 0.6358343, -0.02061694, -0.02061694, 0.7712747, 35.18883, 72.81329, 0.6525574, -0.07505921, -0.07505921, 0.7502674, -0.2537417, -0.2427768, -0.2427768, 0.9042865, 0.08182769, -0.0484643, -0.0484643, 79.21442, 39.60721, -0.2399279, -0.1081115, -0.1081115, -0.9586754, 73.41496, 91.76869, 0.3747688, 0.003724891, 0.003724891, 0.9271033, 74.62716, 93.28395, 0.2921498, 0, 0, 0.9563726, 8.094188, 10.11773, -0.03656822, -0.002007527, -0.002007527, 0.9993271, 68.18351, 85.22939, 0.6295861, -0.004682159, -0.004682159, 0.7769026, 0, 0, 0, 1, 0, 0, 0
Unnamed, 809.6426, 4.555611, 0.1732398, 15, fist, 200.4195, 534.1727, 0, 4.191772, 16.6659, 16.79066, 0.1454512, 0.2735422, 0.2735422, 0.9106005, 30.27232, 45.32523, 0.3578857, 0.02414001, 0.02414001, 0.9331412, 33.89976, 47.47396, 0.3053692, -0.002623984, -0.002623984, 0.9522268, 36.10221, 72.58935, 0.6014971, -0.01851552, -0.01851552, 0.7984458, 36.28347, 74.73467, 0.582821, -0.01176718, -0.01176718, 0.8124302, -0.1782937, 0.008615503, 0.008615503, 0.9839019, 0.1654952, -0.04407647, -0.04407647, 79.21442, 39.60721, -0.2399279, -0.1081115, -0.1081115, -0.9586754, 73.41496, 91.76869, 0.3747688, 0.003724891, 0.003724891, 0.9271033, 74.62716, 93.28395, 0.2921498, 0, 0, 0.9563726, 8.094188, 10.11773, -0.03656822, -0.002007527, -0.002007527, 0.9993271, 68.18351, 85.22939, 0.6295861, -0.004682159, -0.004682159, 0.7769026, 0, 0, 0, 1, 0, 0, 0
Unnamed, 809.6426, 8.465346, 0.164909, 12, flat, 200.4195, 534.1727, 0, 4.191772, 9.267071, 6.541699, -0.03063719, 0.3476207, 0.3476207, 0.8702765, 13.6574, 14.48403, -0.1007911, 0.04494444, 0.04494444, 0.9928752, 15.39137, 15.51626, -0.1389409, -0.02970233, -0.02970233, 0.9894094, 15.48469, 15.17045, -0.1594587, -0.1017861, -0.1017861, 0.9766536, 14.81089, 15.06136, -0.1450816, -0.2553324, -0.2553324, 0.9211743, -0.154615, -0.2289905, -0.2289905, 0.9333922, 0.08753109, -0.05355965, -0.05355965, 79.21442, 39.60721, -0.2399279, -0.1081115, -0.1081115, -0.9586754, 73.41496, 91.76869, 0.3747688, 0.003724891, 0.003724891, 0.9271033, 74.62716, 93.28395, 0.2921498, 0, 0, 0.9563726, 8.094188, 10.11773, -0.03656822, -0.002007527, -0.002007527, 0.9993271, 68.18351, 85.22939, 0.6295861, -0.004682159, -0.004682159, 0.7769026, 0, 0, 0, 1, 0, 0, 0
Unnamed, 809.6426, 10.15514, 0.07937647, 8, custom1, 200.4195, 534.1727, 0, 4.191772, 3.393903, 7.797346, -0.03810114, 0.3663899, 0.3663899, 0.8544385, 15.15772, 15.16247, -0.1196232, 0.04128679, 0.04128679, 0.991101, 15.76159, 13.94566, -0.1651003, -0.04149583, -0.04149583, 0.9845294, 14.93328, 13.22402, -0.1996362, -0.1160685, -0.1160685, 0.9660236, 14.43652, 13.3219, -0.1866464, -0.2986651, -0.2986651, 0.8869958, -0.2523663, -0.1564073, -0.1564073, 0.9420111, 0.103322, -0.02170569, -0.02170569, 79.21442, 39.60721, -0.2399279, -0.1081115, -0.1081115, -0.9586754, 73.41496, 91.76869, 0.3747688, 0.003724891, 0.003724891, 0.9271033, 74.62716, 93.28395, 0.2921498, 0, 0, 0.9563726, 8.094188, 10.11773, -0.03656822, -0.002007527, -0.002007527, 0.9993271, 68.18351, 85.22939, 0.6295861, -0.004682159, -0.004682159, 0.7769026, 0, 0, 0, 1, 0, 0, 0
Unnamed, 809.6426, 11.82837, 0.09091511, 7, flat, 200.4195, 534.1727, 0, 4.191772, 1.55293, 11.64266, -0.0342409, 0.3408658, 0.3408658, 0.8754705, 13.31776, 18.79042, -0.01242982, 0.03336887, 0.03336887, 0.9988086, 14.25189, 13.88891, -0.1042447, -0.04483701, -0.04483701, 0.9925283, 13.04349, 12.06952, -0.1486026, -0.1100208, -0.1100208, 0.9765798, 13.29527, 12.47739, -0.1717962, -0.2476913, -0.2476913, 0.9207519, -0.3453482, -0.07236698, -0.07236698, 0.9328777, 0.1543371, 0.00643149, 0.00643149, 79.21442, 39.60721, -0.2399279, -0.1081115, -0.1081115, -0.9586754, 73.41496, 91.76869, 0.3747688, 0.003724891, 0.003724891, 0.9271033, 74.62716, 93.28395, 0.2921498, 0, 0, 0.9563726, 8.094188, 10.11773, -0.03656822, -0.002007527, -0.002007527, 0.9993271, 68.18351, 85.22939, 0.6295861, -0.004682159, -0.004682159, 0.7769026, 0, 0, 0, 1, 0, 0, 0
Unnamed, 809.6426, 13.31945, 0.0954099, 0, flat, 200.4195, 534.1727, 0, 4.191772, 1.368307, 9.63325, -0.01719803, 0.366063, 0.366063, 0.8553946, 14.61113, 17.62081, -0.007478825, 0.04254946, 0.04254946, 0.9981599, 15.08425, 14.3441, -0.07732629, -0.01701054, -0.01701054, 0.9967156, 13.15469, 11.57212, -0.1283216, -0.08100931, -0.08100931, 0.9850932, 12.54093, 10.95549, -0.1518881, -0.2434933, -0.2434933, 0.9264729, -0.2696813, -0.05730582, -0.05730582, 0.9595333, 0.1432392, -0.01910922, -0.01910922, 79.21442, 39.60721, -0.2399279, -0.1081115, -0.1081115, -0.9586754, 73.41496, 91.76869, 0.3747688, 0.003724891, 0.003724891, 0.9271033, 74.62716, 93.28395, 0.2921498, 0, 0, 0.9563726, 8.094188, 10.11773, -0.03656822, -0.002007527, -0.002007527, 0.9993271, 68.18351, 85.22939, 0.6295861, -0.004682159, -0.004682159, 0.7769026, 0, 0, 0, 1, 0, 0, 0
Unnamed, 809.6426, 18.78704, 0.08531918, 3, custom1, 200.4195, 534.1727, 0, 4.191772, 4.316292, 12.62172, -0.06284467, 0.3516433, 0.3516433, 0.8653003, 12.6976, 13.72899, -0.1661623, 0.05324914, 0.05324914, 0.9832188, 12.63348, 12.02362, -0.1881443, -0.04444084, -0.04444084, 0.9801285, 13.0849, 11.27246, -0.1963146, -0.1195095, -0.1195095, 0.9658652, 13.63206, 11.96206, -0.1792362, -0.3160877, -0.3160877, 0.8763855, -0.2798454, 0.2239575, 0.2239575, 0.9062961, 0.1567441, -0.002755046, -0.002755046, 79.21442, 39.60721, -0.2399279, -0.1081115, -0.1081115, -0.9586754, 73.41496, 91.76869, 0.3747688, 0.003724891, 0.003724891, 0.9271033, 74.62716, 93.28395, 0.2921498, 0, 0, 0.9563726, 8.094188, 10.11773, -0.03656822, -0.002007527, -0.002007527, 0.9993271, 68.18351, 85.22939, 0.6295861, -0.004682159, -0.004682159, 0.7769026, 0, 0, 0, 1, 0, 0, 0
Unnamed, 809.6426, 20.11169, 0.1829451, 4, custom1, 200.4195, 534.1727, 0, 4.191772, 1.069543, 11.32314, -0.04745243, 0.3573422, 0.3573422, 0.861604, 13.33333, 16.96377, -0.1182394, 0.05050379, 0.05050379, 0.9904131, 14.51156, 12.97319, -0.1667311, -0.04310632, -0.04310632, 0.9841161, 13.92971, 11.9876, -0.1761946, -0.1140916, -0.1140916, 0.9710416, 14.66069, 12.47157, -0.1650025, -0.2922553, -0.2922553, 0.8955154, -0.3797077, 0.1957679, 0.1957679, 0.8827072, 0.1730784, 0.01391822, 0.01391822, 79.21442, 39.60721, -0.2399279, -0.1081115, -0.1081115, -0.9586754, 73.41496, 91.76869, 0.3747688, 0.003724891, 0.003724891, 0.9271033, 74.62716, 93.28395, 0.2921498, 0, 0, 0.9563726, 8.094188, 10.11773, -0.03656822, -0.002007527, -0.002007527, 0.9993271, 68.18351, 85.22939, 0.6295861, -0.004682159, -0.004682159, 0.7769026, 0, 0, 0, 1, 0, 0, 0
Unnamed, 809.6426, 21.70237, 0.06568192, 5, custom1, 200.4195, 534.1727, 0, 4.191772, 5.784046, 12.52053, -0.02072671, 0.3604649, 0.3604649, 0.8600585, 17.41073, 24.09676, -0.1006802, 0.04943082, 0.04943082, 0.99246, 17.5654, 17.31526, -0.1862079, -0.0436512, -0.0436512, 0.9805691, 16.09127, 14.62661, -0.202574, -0.1230003, -0.1230003, 0.9636937, 15.99547, 14.85935, -0.1833566, -0.3184048, -0.3184048, 0.8738519, -0.3737601, 0.1145981, 0.1145981, 0.9132568, 0.1629233, -0.01577997, -0.01577997, 79.21442, 39.60721, -0.2399279, -0.1081115, -0.1081115, -0.9586754, 73.41496, 91.76869, 0.3747688, 0.003724891, 0.003724891, 0.9271033, 74.62716, 93.28395, 0.2921498, 0, 0, 0.9563726, 8.094188, 10.11773, -0.03656822, -0.002007527, -0.002007527, 0.9993271, 68.18351, 85.22939, 0.6295861, -0.004682159, -0.004682159, 0.7769026, 0, 0, 0, 1, 0, 0, 0
Unnamed, 809.6426, 23.54101, 0.1498709, 10, custom1, 200.4195, 534.1727, 0, 4.191772, 12.44957, 18.13572, -0.05695038, 0.3618138, 0.3618138, 0.8572854, 14.07569, 16.45996, -0.1431655, 0.04924484, 0.04924484, 0.9872455, 14.5331, 13.81994, -0.1849728, -0.04678469, -0.04678469, 0.9805139, 13.07702, 12.12512, -0.2034692, -0.1322736, -0.1322736, 0.9610451, 13.63737, 12.32029, -0.1782361, -0.3392176, -0.3392176, 0.8591244, -0.3286381, -0.1413188, -0.1413188, 0.9230683, 0.03201299, -0.03724793, -0.03724793, 79.21442, 39.60721, -0.2399279, -0.1081115, -0.1081115, -0.9586754, 73.41496, 91.76869, 0.3747688, 0.003724891, 0.003724891, 0.9271033, 74.62716, 93.28395, 0.2921498, 0, 0, 0.9563726, 8.094188, 10.11773, -0.03656822, -0.002007527, -0.002007527, 0.9993271, 68.18351, 85.22939, 0.6295861, -0.004682159, -0.004682159, 0.7769026, 0, 0, 0, 1, 0, 0, 0
Unnamed, 809.6426, 25.99288, 0.1151122, 17, pinch, 200.4195, 534.1727, 0, 4.191772, 16.94332, 17.7521, 0.02450485, 0.3907449, 0.3907449, 0.8330885, 38.24282, 47.18192, 0.01827043, 0.05413568, 0.05413568, 0.9968976, 19.94746, 20.31857, -0.1339538, -0.0522186, -0.0522186, 0.9882322, 15.28196, 14.69927, -0.1557996, -0.1354396, -0.1354396, 0.9690402, 14.60921, 15.26545, -0.1189108, -0.3341098, -0.3341098, 0.8732706, -0.2051642, 0.2333253, 0.2333253, 0.9214262, 0.1998486, -0.04225355, -0.04225355, 79.21442, 39.60721, -0.2399279, -0.1081115, -0.1081115, -0.9586754, 73.41496, 91.76869, 0.3747688, 0.003724891, 0.003724891, 0.9271033, 74.62716, 93.28395, 0.2921498, 0, 0, 0.9563726, 8.094188, 10.11773, -0.03656822, -0.002007527, -0.002007527, 0.9993271, 68.18351, 85.22939, 0.6295861, -0.004682159, -0.004682159, 0.7769026, 0, 0, 0, 1, 0, 0, 0
Unnamed, 809.6426, 28.92529, 0.0189282, 9, custom1, 200.4195, 534.1727, 0, 4.191772, 4.089692, 17.05955, -0.1554119, 0.3385714, 0.3385714, 0.8640521, 11.24959, 12.19075, -0.08574262, 0.02999743, 0.02999743, 0.9954138, 12.88376, 12.73292, -0.1347141, -0.02911474, -0.02911474, 0.9900287, 12.23308, 11.49475, -0.1807869, -0.09040066, -0.09040066, 0.9751777, 12.78565, 11.65148, -0.1987572, -0.2557603, -0.2557603, 0.9108616, -0.3224514, -0.2252224, -0.2252224, 0.8913893, 0.06452736, -0.04593885, -0.04593885, 79.21442, 39.60721, -0.2399279, -0.1081115, -0.1081115, -0.9586754, 73.41496, 91.76869, 0.3747688, 0.003724891, 0.003724891, 0.9271033, 74.62716, 93.28395, 0.2921498, 0, 0, 0.9563726, 8.094188, 10.11773, -0.03656822, -0.002007527, -0.002007527, 0.9993271, 68.18351, 85.22939, 0.6295861, -0.004682159, -0.004682159, 0.7769026, 0, 0, 0, 1, 0, 0, 0
Unnamed, 809.6426, 30.36689, 0.05050716, 6, pinch, 200.4195, 534.1727, 0, 4.191772, 12.16071, 18.72556, 0.02842318, 0.3464782, 0.3464782, 0.8712623, 30.27784, 40.00058, 0.07191905, 0.04696208, 0.04696208, 0.9951969, 17.31078, 17.18347, -0.1572526, -0.02572641, -0.02572641, 0.9868881, 13.74157, 12.9015, -0.2044438, -0.09713132, -0.09713132, 0.9691923, 13.46582, 13.29433, -0.2124385, -0.2584759, -0.2584759, 0.9062286, -0.3622184, 0.02300591, 0.02300591, 0.9315253, 0.1415954, -0.04004133, -0.04004133, 79.21442, 39.60721, -0.2399279, -0.1081115, -0.1081115, -0.9586754, 73.41496, 91.76869, 0.3747688, 0.003724891, 0.003724891, 0.9271033, 74.62716, 93.28395, 0.2921498, 0, 0, 0.9563726, 8.094188, 10.11773, -0.03656822, -0.002007527, -0.002007527, 0.9993271, 68.18351, 85.22939, 0.6295861, -0.004682159, -0.004682159, 0.7769026, 0, 0, 0, 1, 0, 0, 0
Unnamed, 809.6426, 32.10706, 0.08589481, 13, custom1, 200.4195, 534.1727, 0, 4.191772, 11.83912, 18.50993, -0.1068187, 0.3617128, 0.3617128, 0.8525946, 11.01303, 11.48849, -0.09769023, 0.01105775, 0.01105775, 0.995094, 12.41424, 13.64871, -0.1184875, -0.03572538, -0.03572538, 0.9916694, 11.86767, 12.35922, -0.1516201, -0.09532747, -0.09532747, 0.9792021, 12.64673, 13.24681, -0.175848, -0.2458182, -0.2458182, 0.920991, -0.1649214, -0.1433499, -0.1433499, 0.9652475, 0.09157279, -0.1000167, -0.1000167, 79.21442, 39.60721, -0.2399279, -0.1081115, -0.1081115, -0.9586754, 73.41496, 91.76869, 0.3747688, 0.003724891, 0.003724891, 0.9271033, 74.62716, 93.28395, 0.2921498, 0, 0, 0.9563726, 8.094188, 10.11773, -0.03656822, -0.002007527, -0.002007527, 0.9993271, 68.18351, 85.22939, 0.6295861, -0.004682159, -0.004682159, 0.7769026, 0, 0, 0, 1, 0, 0, 0
Unnamed, 809.6426, 34.194, 0.09629799, 2, custom1, 200.4195, 534.1727, 0, 4.191772, 9.127505, 16.32208, 0.01186046, 0.3536485, 0.3536485, 0.8658665, 23.38119, 32.76394, 0.03484779, 0.03546691, 0.03546691, 0.9981332, 16.48464, 16.92344, -0.1408509, -0.03222848, -0.03222848, 0.9889811, 13.5763, 12.63737, -0.1898003, -0.09158017, -0.09158017, 0.9732431, 13.11396, 12.86663, -0.202536, -0.2314852, -0.2314852, 0.9229347, -0.2738569, 0.130998, 0.130998, 0.9437592, 0.1669485, -0.04585838, -0.04585838, 79.21442, 39.60721, -0.2399279, -0.1081115, -0.1081115, -0.9586754, 73.41496, 91.76869, 0.3747688, 0.003724891, 0.003724891, 0.9271033, 74.62716, 93.28395, 0.2921498, 0, 0, 0.9563726, 8.094188, 10.11773, -0.03656822, -0.002007527, -0.002007527, 0.9993271, 68.18351, 85.22939, 0.6295861, -0.004682159, -0.004682159, 0.7769026, 0, 0, 0, 1, 0, 0, 0
Unnamed, 809.6426, 35.46918, 0.08644831, 16, idle, 200.4195, 534.1727, 0, 4.191772, 5.991161, 12.01834, 0.002687975, 0.352998, 0.352998, 0.8664743, 17.2379, 25.60863, 0.1188668, 0.03475377, 0.03475377, 0.991693, 12.67232, 16.23731, 0.003085892, -0.002809444, -0.002809444, 0.9999874, 11.71289, 11.88914, -0.07780037, -0.05970941, -0.05970941, 0.9933865, 10.84851, 10.96548, -0.1093354, -0.1891632, -0.1891632, 0.9573298, -0.1901608, 0.1582631, 0.1582631, 0.9558999, 0.1581645, -0.07681096, -0.07681096, 79.21442, 39.60721, -0.2399279, -0.1081115, -0.1081115, -0.9586754, 73.41496, 91.76869, 0.3747688, 0.003724891, 0.003724891, 0.9271033, 74.62716, 93.28395, 0.2921498, 0, 0, 0.9563726, 8.094188, 10.11773, -0.03656822, -0.002007527, -0.002007527, 0.9993271, 68.18351, 85.22939, 0.6295861, -0.004682159, -0.004682159, 0.7769026, 0, 0, 0, 1, 0, 0, 0
Unnamed, 809.6426, 37.29143, 0.03837344, 1, flat, 200.4195, 534.1727, 0, 4.191772, 7.249603, 10.3628, -0.05434643, 0.3107509, 0.3107509, 0.8966126, 10.8872, 11.13654, -0.1020459, -0.003647407, -0.003647407, 0.9947664, 11.30267, 11.2423, -0.1314324, -0.01449198, -0.01449198, 0.9911133, 11.42151, 10.89061, -0.1585824, -0.04867838, -0.04867838, 0.9849429, 11.40047, 11.0652, -0.176178, -0.1483189, -0.1483189, 0.9617507, -0.2736886, 0.04229433, 0.04229433, 0.9599568, 0.1629866, -0.04423797, -0.04423797, 79.21442, 39.60721, -0.2399279, -0.1081115, -0.1081115, -0.9586754, 73.41496, 91.76869, 0.3747688, 0.003724891, 0.003724891, 0.9271033, 74.62716, 93.28395, 0.2921498, 0, 0, 0.9563726, 8.094188, 10.11773, -0.03656822, -0.002007527, -0.002007527, 0.9993271, 68.18351, 85.22939, 0.6295861, -0.004682159, -0.004682159, 0.7769026, 0, 0, 0, 1, 0, 0, 0
Unnamed, 809.6426, 38.76585, 0.06242465, 14, flat, 200.4195, 534.1727, 0, 4.191772, 10.21895, 4.28304, -0.02995935, 0.3419923, 0.3419923, 0.8747486, 10.18022, 11.39841, -0.08394081, 0.04801135, 0.04801135, 0.9941548, 11.7778, 12.6511, -0.1254869, -0.008046346, -0.008046346, 0.99203, 11.73752, 11.53565, -0.1627729, -0.07460669, -0.07460669, 0.981006, 11.40866, 11.66706, -0.1779625, -0.2289745, -0.2289745, 0.9292313, -0.163965, -0.03785837, -0.03785837, 0.9850122, 0.1248568, -0.07202674, -0.07202674, 79.21442, 39.60721, -0.2399279, -0.1081115, -0.1081115, -0.9586754, 73.41496, 91.76869, 0.3747688, 0.003724891, 0.003724891, 0.9271033, 74.62716, 93.28395, 0.2921498, 0, 0, 0.9563726, 8.094188, 10.11773, -0.03656822, -0.002007527, -0.002007527, 0.9993271, 68.18351, 85.22939, 0.6295861, -0.004682159, -0.004682159, 0.7769026, 0, 0, 0, 1, 0, 0, 0
Unnamed, 227.3857, 20.40463, 0.09182519, 0, custom1, 144.283, 131.8496, 0, 14.8056, 26.76402, 27.14294, 0.05166773, 0.3600223, 0.3600223, 0.8591265, 28.33773, 50.78347, 0.5430181, 0.05802594, 0.05802594, 0.8357018, 26.31482, 53.53407, 0.6013764, 0.0391248, 0.0391248, 0.7970477, 36.70307, 79.98685, 0.6806856, -0.01215326, -0.01215326, 0.7323741, 37.71735, 82.11271, 0.6670775, -0.03118674, -0.03118674, 0.7436816, -0.1780123, -0.06225327, -0.06225327, 0.980082, -0.01446869, -0.04717925, -0.04717925, 15.66946, 7.834728, -0.1647907, 0.3621186, 0.3621186, -0.8429616, 13.51696, 16.8962, -0.05105769, 0.09991939, 0.09991939, 0.9886482, 27.707, 34.63375, 0.4850533, 0, 0, 0.8744846, 31.55169, 39.43961, 0.2186702, -0.0490606, -0.0490606, 0.9733291, 44.13566, 55.16957, -0.0473896, -0.1486692, -0.1486692, 0.9764984, 0, 0, 0, 1, 0, 0, 0
Unnamed, 227.3857, 22.60799, 0.05352607, 17, custom1, 144.283, 131.8496, 0, 14.8056, 25.11592, 27.10897, 0.08073213, 0.3258952, 0.3258952, 0.8837799, 31.64431, 50.6461, 0.4255832, 0.04766876, 0.04766876, 0.9024047, 28.09854, 56.62387, 0.5016621, 0.03154641, 0.03154641, 0.8639125, 39.32766, 83.9944, 0.6348422, -0.008973641, -0.008973641, 0.7725376, 40.00641, 85.56572, 0.6278356, -0.02083435, -0.02083435, 0.7777881, -0.08508443, 0.2294943, 0.2294943, 0.9420326, 0.03171635, -0.05831024, -0.05831024, 15.66946, 7.834728, -0.1647907, 0.3621186, 0.3621186, -0.8429616, 13.51696, 16.8962, -0.05105769, 0.09991939, 0.09991939, 0.9886482, 27.707, 34.63375, 0.4850533, 0, 0, 0.8744846, 31.55169, 39.43961, 0.2186702, -0.0490606, -0.0490606, 0.9733291, 44.13566, 55.16957, -0.0473896, -0.1486692, -0.1486692, 0.9764984, 0, 0, 0, 1, 0, 0, 0
Unnamed, 227.3857, 24.38132, 0.02616543, 9, fist, 144.283, 131.8496, 0, 14.8056, 28.60695, 31.64243, 0.003118651, 0.3593886, 0.3593886, 0.8612027, 37.46028, 69.92554, 0.6418837, 0.02535594, 0.02535594, 0.7659631, 38.60108, 70.59286, 0.6595472, 0.02657714, 0.02657714, 0.7507229, 37.5557, 84.74323, 0.687866, -0.01074858, -0.01074858, 0.7256786, 38.16665, 85.74892, 0.6675956, -0.02688485, -0.02688485, 0.7435527, -0.2774595, -0.2020648, -0.2020648, 0.9172546, -0.08285719, -0.02707157, -0.02707157, 15.66946, 7.834728, -0.1647907, 0.3621186, 0.3621186, -0.8429616, 13.51696, 16.8962, -0.05105769, 0.09991939, 0.09991939, 0.9886482, 27.707, 34.63375, 0.4850533, 0, 0, 0.8744846, 31.55169, 39.43961, 0.2186702, -0.0490606, -0.0490606, 0.9733291, 44.13566, 55.16957, -0.0473896, -0.1486692, -0.1486692, 0.9764984, 0, 0, 0, 1, 0, 0, 0
Unnamed, 227.3857, 25.77259, 0.04404356, 8, custom1, 144.283, 131.8496, 0, 14.8056, 29.30247, 33.66266, 0.009416914, 0.3758126, 0.3758126, 0.847019, 24.77889, 47.49567, 0.6392036, 0.03513347, 0.03513347, 0.7674308, 20.65565, 49.17882, 0.6619113, 0.02740932, 0.02740932, 0.7485793, 35.30243, 83.20782, 0.7191274, -0.004454502, -0.004454502, 0.6948498, 36.13331, 83.97959, 0.6922654, 0.02387529, 0.02387529, 0.7208527, -0.1936163, -0.1455846, -0.1455846, 0.9592304, -0.05614044, -0.02714196, -0.02714196, 15.66946, 7.834728, -0.1647907, 0.3621186, 0.3621186, -0.8429616, 13.51696, 16.8962, -0.05105769, 0.09991939, 0.09991939, 0.9886482, 27.707, 34.63375, 0.4850533, 0, 0, 0.8744846, 31.55169, 39.43961, 0.2186702, -0.0490606, -0.0490606, 0.9733291, 44.13566, 55.16957, -0.0473896, -0.1486692, -0.1486692, 0.9764984, 0, 0, 0, 1, 0, 0, 0
Unnamed, 227.3857, 26.98208, 0.1410376, 12, custom1, 144.283, 131.8496, 0, 14.8056, 32.24805, 36.05056, 0.003198591, 0.3788987, 0.3788987, 0.8443112, 20.56273, 41.46831, 0.6472217, 0.04212758, 0.04212758, 0.7599702, 18.95721, 43.16903, 0.6553609, 0.04900013, 0.04900013, 0.7521304, 34.3951, 80.03857, 0.7142117, 0.02720398, 0.02720398, 0.6988716, 35.19244, 80.20403, 0.6851634, 0.04592992, 0.04592992, 0.7254875, -0.1324899, -0.2332994, -0.2332994, 0.93466, -0.08738628, -0.05690853, -0.05690853, 15.66946, 7.834728, -0.1647907, 0.3621186, 0.3621186, -0.8429616, 13.51696, 16.8962, -0.05105769, 0.09991939, 0.09991939, 0.9886482, 27.707, 34.63375, 0.4850533, 0, 0, 0.8744846, 31.55169, 39.43961, 0.2186702, -0.0490606, -0.0490606, 0.9733291, 44.13566, 55.16957, -0.0473896, -0.1486692, -0.1486692, 0.9764984, 0, 0, 0, 1, 0, 0, 0
Unnamed, 227.3857, 29.3011, 0.1388793, 1, custom1, 144.283, 131.8496, 0, 14.8056, 27.16343, 31.27045, 0.0225598, 0.3681121, 0.3681121, 0.8535092, 27.0602, 52.20176, 0.574586, 0.0413303, 0.0413303, 0.8163544, 24.06007, 54.02468, 0.610518, 0.03081445, 0.03081445, 0.7908026, 37.5164, 84.9828, 0.6885195, 0.009135621, 0.009135621, 0.7251028, 38.82019, 86.63931, 0.6680059, 0.02328105, 0.02328105, 0.7434273, -0.1811635, 0.04380127, 0.04380127, 0.9815003, -0.02866081, -0.03444612, -0.03444612, 15.66946, 7.834728, -0.1647907, 0.3621186, 0.3621186, -0.8429616, 13.51696, 16.8962, -0.05105769, 0.09991939, 0.09991939, 0.9886482, 27.707, 34.63375, 0.4850533, 0, 0, 0.8744846, 31.55169, 39.43961, 0.2186702, -0.0490606, -0.0490606, 0.9733291, 44.13566, 55.16957, -0.0473896, -0.1486692, -0.1486692, 0.9764984, 0, 0, 0, 1, 0, 0, 0
Unnamed, 227.3857, 30.87795, 0.1061331, 16, custom1, 144.283, 131.8496, 0, 14.8056, 28.18182, 31.64815, 0.0418497, 0.3540812, 0.3540812, 0.8645818, 30.18644, 48.87, 0.4142955, 0.05058765, 0.05058765, 0.9073263, 30.26595, 57.95277, 0.5144387, 0.02817075, 0.02817075, 0.8566012, 39.84777, 84.81559, 0.6473699, -0.006904264, -0.006904264, 0.7621135, 41.80309, 87.73787, 0.6392829, -0.01586542, -0.01586542, 0.7686443, -0.06521106, 0.1393828, 0.1393828, 0.9782088, -0.007976562, -0.04487461, -0.04487461, 15.66946, 7.834728, -0.1647907, 0.3621186, 0.3621186, -0.8429616, 13.51696, 16.8962, -0.05105769, 0.09991939, 0.09991939, 0.9886482, 27.707, 34.63375, 0.4850533, 0, 0, 0.8744846, 31.55169, 39.43961, 0.2186702, -0.0490606, -0.0490606, 0.9733291, 44.13566, 55.16957, -0.0473896, -0.1486692, -0.1486692, 0.9764984, 0, 0, 0, 1, 0, 0, 0
Unnamed, 227.3857, 32.21987, 0.1213813, 3, custom1, 144.283, 131.8496, 0, 14.8056, 26.34946, 30.10892, 0.02049034, 0.3541462, 0.3541462, 0.8652983, 35.27868, 60.27767, 0.4264504, 0.04630062, 0.04630062, 0.9021378, 36.26422, 68.73956, 0.5199234, 0.02843903, 0.02843903, 0.8532656, 41.21339, 84.61067, 0.6138759, 0.005062476, 0.005062476, 0.7893701, 43.18409, 88.81041, 0.6088206, 0.0098474, 0.0098474, 0.7931857, -0.1428356, 0.22534, 0.22534, 0.9370388, 0.01263594, -0.0429976, -0.0429976, 15.66946, 7.834728, -0.1647907, 0.3621186, 0.3621186, -0.8429616, 13.51696, 16.8962, -0.05105769, 0.09991939, 0.09991939, 0.9886482, 27.707, 34.63375, 0.4850533, 0, 0, 0.8744846, 31.55169, 39.43961, 0.2186702, -0.0490606, -0.0490606, 0.9733291, 44.13566, 55.16957, -0.0473896, -0.1486692, -0.1486692, 0.9764984, 0, 0, 0, 1, 0, 0, 0
Unnamed, 227.3857, 33.46238, 0.1541207, 15, custom1, 144.283, 131.8496, 0, 14.8056, 29.00889, 29.45599, 0.03433443, 0.3620882, 0.3620882, 0.8582572, 28.62304, 51.40208, 0.5161897, 0.04662989, 0.04662989, 0.8539318, 26.07153, 58.61654, 0.6042145, 0.03344097, 0.03344097, 0.7954171, 36.42949, 83.41273, 0.684215, 0.003680609, 0.003680609, 0.7292618, 37.49222, 84.7394, 0.6657133, 0.007320289, 0.007320289, 0.7461358, -0.06233697, 0.04378228, 0.04378228, 0.9961327, 0.003253289, -0.05140571, -0.05140571, 15.66946, 7.834728, -0.1647907, 0.3621186, 0.3621186, -0.8429616, 13.51696, 16.8962, -0.05105769, 0.09991939, 0.09991939, 0.9886482, 27.707, 34.63375, 0.4850533, 0, 0, 0.8744846, 31.55169, 39.43961, 0.2186702, -0.0490606, -0.0490606, 0.9733291, 44.13566, 55.16957, -0.0473896, -0.1486692, -0.1486692, 0.9764984, 0, 0, 0, 1, 0, 0, 0
Unnamed, 227.3857, 35.00309, 0.1133017, 10, custom1, 144.283, 131.8496, 0, 14.8056, 29.38537, 33.55268, 0.0132476, 0.3615583, 0.3615583, 0.8592879, 30.00771, 61.72845, 0.6272149, 0.01595997, 0.01595997, 0.7785192, 26.77021, 59.99909, 0.6426541, 0.02501076, 0.02501076, 0.7653396, 36.53645, 83.47956, 0.692253, -0.009883092, -0.009883092, 0.7215195, 37.55099, 84.96492, 0.6758842, -0.03762138, -0.03762138, 0.735085, -0.2850049, -0.1264174, -0.1264174, 0.9417056, -0.03501673, -0.02899086, -0.02899086, 15.66946, 7.834728, -0.1647907, 0.3621186, 0.3621186, -0.8429616, 13.51696, 16.8962, -0.05105769, 0.09991939, 0.09991939, 0.9886482, 27.707, 34.63375, 0.4850533, 0, 0, 0.8744846, 31.55169, 39.43961, 0.2186702, -0.0490606, -0.0490606, 0.9733291, 44.13566, 55.16957, -0.0473896, -0.1486692, -0.1486692, 0.9764984, 0, 0, 0, 1, 0, 0, 0
Unnamed, 227.3857, 37.07394, 0.1349373, 2, custom1, 144.283, 131.8496, 0, 14.8056, 25.60307, 29.27505, 0.0442695, 0.3554009, 0.3554009, 0.8633775, 30.38881, 57.87112, 0.5343391, 0.03799511, 0.03799511, 0.8435606, 30.73091, 60.2614, 0.582435, 0.01992664, 0.01992664, 0.8123887, 38.44904, 84.22142, 0.6607636, -0.01498959, -0.01498959, 0.7502947, 39.95517, 86.32742, 0.649385, -0.01893265, -0.01893265, 0.7599884, -0.1750436, 0.1404702, 0.1404702, 0.9643112, 0.005060643, -0.04219544, -0.04219544, 15.66946, 7.834728, -0.1647907, 0.3621186, 0.3621186, -0.8429616, 13.51696, 16.8962, -0.05105769, 0.09991939, 0.09991939, 0.9886482, 27.707, 34.63375, 0.4850533, 0, 0, 0.8744846, 31.55169, 39.43961, 0.2186702, -0.0490606, -0.0490606, 0.9733291, 44.13566, 55.16957, -0.0473896, -0.1486692, -0.1486692, 0.9764984, 0, 0, 0, 1, 0, 0, 0
Unnamed, 227.3857, 38.48236, 0.1789692, 7, custom1, 144.283, 131.8496, 0, 14.8056, 25.87899, 30.43596, 0.0298819, 0.365449, 0.365449, 0.8555707, 32.61683, 62.69347, 0.5772707, 0.03057589, 0.03057589, 0.8154071, 31.94199, 62.29025, 0.6102439, 0.02205215, 0.02205215, 0.7915996, 38.09644, 84.1972, 0.6661757, -0.01494839, -0.01494839, 0.7454951, 39.09942, 86.54743, 0.6510616, -0.01499276, -0.01499276, 0.7587287, -0.2719609, -0.02189094, -0.02189094, 0.9618102, -0.01568024, -0.03287113, -0.03287113, 15.66946, 7.834728, -0.1647907, 0.3621186, 0.3621186, -0.8429616, 13.51696, 16.8962, -0.05105769, 0.09991939, 0.09991939, 0.9886482, 27.707, 34.63375, 0.4850533, 0, 0, 0.8744846, 31.55169, 39.43961, 0.2186702, -0.0490606, -0.0490606, 0.9733291, 44.13566, 55.16957, -0.0473896, -0.1486692, -0.1486692, 0.9764984, 0, 0, 0, 1, 0, 0, 0
Unnamed, 227.3857, 40.81804, 0.02879402, 14, custom1, 144.283, 131.8496, 0, 14.8056, 29.34697, 30.01681, 0.01885046, 0.3681704, 0.3681704, 0.8535489, 25.85515, 49.07042, 0.5502008, 0.03304373, 0.03304373, 0.8337238, 25.40365, 58.69127, 0.6348953, 0.02473481, 0.02473481, 0.7718059, 35.70042, 82.91622, 0.7065642, -0.007020067, -0.007020067, 0.7075793, 36.99749, 84.11587, 0.6817061, 0.01923217, 0.01923217, 0.7311204, -0.08327723, -0.05850028, -0.05850028, 0.9930863, -0.01077468, -0.05350643, -0.05350643, 15.66946, 7.834728, -0.1647907, 0.3621186, 0.3621186, -0.8429616, 13.51696, 16.8962, -0.05105769, 0.09991939, 0.09991939, 0.9886482, 27.707, 34.63375, 0.4850533, 0, 0, 0.8744846, 31.55169, 39.43961, 0.2186702, -0.0490606, -0.0490606, 0.9733291, 44.13566, 55.16957, -0.0473896, -0.1486692, -0.1486692, 0.9764984, 0, 0, 0, 1, 0, 0, 0
Unnamed, 227.3857, 42.01083, 0.1310704, 6, custom1, 144.283, 131.8496, 0, 14.8056, 25.71733, 30.00416, 0.05430248, 0.3575331, 0.3575331, 0.8610409, 35.99754, 66.11961, 0.529682, 0.01792225, 0.01792225, 0.8478175, 36.51601, 68.75608, 0.566258, 0.01812604, 0.01812604, 0.8238294, 39.51047, 84.76311, 0.6358841, -0.02060781, -0.02060781, 0.7712342, 40.71249, 87.75343, 0.6278232, -0.02204214, -0.02204214, 0.7777315, -0.2570527, 0.07207981, 0.07207981, 0.9610062, -0.004309937, -0.03848472, -0.03848472, 15.66946, 7.834728, -0.1647907, 0.3621186, 0.3621186, -0.8429616, 13.51696, 16.8962, -0.05105769, 0.09991939, 0.09991939, 0.9886482, 27.707, 34.63375, 0.4850533, 0, 0, 0.8744846, 31.55169, 39.43961, 0.2186702, -0.0490606, -0.0490606, 0.9733291, 44.13566, 55.16957, -0.0473896, -0.1486692, -0.1486692, 0.9764984, 0, 0, 0, 1, 0, 0, 0
Unnamed, 227.3857, 43.30326, 0.1710657, 11, custom1, 144.283, 131.8496, 0, 14.8056, 32.32825, 35.62608, -0.01192296, 0.3710272, 0.3710272, 0.8511965, 26.06749, 47.42768, 0.6555343, 0.06058635, 0.06058635, 0.7502889, 23.40573, 49.33103, 0.6687986, 0.04590125, 0.04590125, 0.7406042, 34.62244, 79.76363, 0.713501, 0.001525154, 0.001525154, 0.7006509, 35.32874, 80.42226, 0.6888235, -0.0009955388, -0.0009955388, 0.7249278, -0.1776771, -0.2185748, -0.2185748, 0.934281, -0.06614807, -0.0561693, -0.0561693, 15.66946, 7.834728, -0.1647907, 0.3621186, 0.3621186, -0.8429616, 13.51696, 16.8962, -0.05105769, 0.09991939, 0.09991939, 0.9886482, 27.707, 34.63375, 0.4850533, 0, 0, 0.8744846, 31.55169, 39.43961, 0.2186702, -0.0490606, -0.0490606, 0.9733291, 44.13566, 55.16957, -0.0473896, -0.1486692, -0.1486692, 0.9764984, 0, 0, 0, 1, 0, 0, 0
Unnamed, 227.3857, 45.30763, 0.1666673, 5, custom1, 144.283, 131.8496, 0, 14.8056, 25.05857, 29.35228, 0.0527285, 0.3590043, 0.3590043, 0.8599137, 34.48851, 65.07278, 0.5471873, 0.02434774, 0.02434774, 0.8363016, 35.38794, 67.50688, 0.5751484, 0.01891183, 0.01891183, 0.8176118, 39.1524, 84.18134, 0.6392719, -0.01799154, -0.01799154, 0.7685598, 40.64997, 87.41414, 0.6298266, -0.01726732, -0.01726732, 0.7763518, -0.2609105, 0.1569109, 0.1569109, 0.9395125, -0.009006649, -0.03989321, -0.03989321, 15.66946, 7.834728, -0.1647907, 0.3621186, 0.3621186, -0.8429616, 13.51696, 16.8962, -0.05105769, 0.09991939, 0.09991939, 0.9886482, 27.707, 34.63375, 0.4850533, 0, 0, 0.8744846, 31.55169, 39.43961, 0.2186702, -0.0490606, -0.0490606, 0.9733291, 44.13566, 55.16957, -0.0473896, -0.1486692, -0.1486692, 0.9764984, 0, 0, 0, 1, 0, 0, 0
Unnamed, 227.3857, 46.6164, 0.0320261, 4, custom1, 144.283, 131.8496, 0, 14.8056, 24.75034, 27.50653, 0.05872351, 0.3491477, 0.3491477, 0.8676078, 34.55252, 64.65819, 0.497037, 0.0384801, 0.0384801, 0.8660213, 35.93288, 67.72601, 0.543826, 0.01615993, 0.01615993, 0.8388868, 39.728, 83.29414, 0.6127964, -0.0162418, -0.0162418, 0.789907, 41.44509, 87.56527, 0.6070753, -0.0151918, -0.0151918, 0.7943539, -0.2237378, 0.229211, 0.229211, 0.919166, 0.008542106, -0.04157406, -0.04157406, 15.66946, 7.834728, -0.1647907, 0.3621186, 0.3621186, -0.8429616, 13.51696, 16.8962, -0.05105769, 0.09991939, 0.09991939, 0.9886482, 27.707, 34.63375, 0.4850533, 0, 0, 0.8744846, 31.55169, 39.43961, 0.2186702, -0.0490606, -0.0490606, 0.9733291, 44.13566, 55.16957, -0.0473896, -0.1486692, -0.1486692, 0.9764984, 0, 0, 0, 1, 0, 0, 0
Unnamed, 227.3857, 48.14122, 0.1874271, 13, custom1, 144.283, 131.8496, 0, 14.8056, 34.12068, 35.94205, 0.003473521, 0.3655532, 0.3655532, 0.8559963, 27.60907, 53.25054, 0.5552641, 0.06424067, 0.06424067, 0.8266971, 29.53356, 58.64318, 0.6073074, 0.0479988, 0.0479988, 0.7915617, 35.26265, 77.86356, 0.6810098, -0.004541997, -0.004541997, 0.7322461, 37.12552, 80.45956, 0.6631863, -0.009337217, -0.009337217, 0.748338, -0.09794906, -0.1442132, -0.1442132, 0.9740694, -0.06230895, -0.06978485, -0.06978485, 15.66946, 7.834728, -0.1647907, 0.3621186, 0.3621186, -0.8429616, 13.51696, 16.8962, -0.05105769, 0.09991939, 0.09991939, 0.9886482, 27.707, 34.63375, 0.4850533, 0, 0, 0.8744846, 31.55169, 39.43961, 0.2186702, -0.0490606, -0.0490606, 0.9733291, 44.13566, 55.16957, -0.0473896, -0.1486692, -0.1486692, 0.9764984, 0, 0, 0, 1, 0, 0, 0
Unnamed, 439.3002, 8.133681, 0.01766976, 3, custom1, 183.691, 285.1263, 0, 5.80542, 22.55227, 15.20586, 0.1884361, 0.2724358, 0.2724358, 0.9033545, 41.2073, 68.02039, 0.4452171, 0.06458163, 0.06458163, 0.8907527, 39.54418, 68.67121, 0.4814157, 0.01080539, 0.01080539, 0.8763592, 39.52873, 74.5366, 0.551065, -0.03012167, -0.03012167, 0.8333744, 39.35231, 76.02231, 0.5536003, -0.06083246, -0.06083246, 0.8283271, -0.2236413, 0.2250141, 0.2250141, 0.9212611, 0.02173294, -0.06388411, -0.06388411, 25.63513, 12.81756, -0.1674311, 0.3560098, 0.3560098, -0.8476326, 54.38741, 67.98427, 0.6136685, 0.01466413, 0.01466413, 0.7892914, 35.29961, 44.12452, -0.05064037, 0, 0, 0.998717, 68.29955, 85.37443, 0.01663447, -0.009286542, -0.009286542, 0.9997754, 23.89827, 29.87284, 0.5018065, -0.02409027, -0.02409027, 0.8643088, 0, 0, 0, 1, 0, 0, 0
Unnamed, 439.3002, 9.541845, 0.1066216, 8, custom1, 183.691, 285.1263, 0, 5.80542, 23.46066, 17.39301, 0.1461528, 0.3041474, 0.3041474, 0.8908581, 36.72145, 65.11285, 0.520742, 0.07257032, 0.07257032, 0.8475228, 35.73154, 65.64025, 0.5440806, 0.02817861, 0.02817861, 0.8380861, 37.50666, 72.38961, 0.5797027, -0.01120515, -0.01120515, 0.814674, 36.4253, 72.77428, 0.5722145, -0.0510333, -0.0510333, 0.8169222, -0.2309559, -0.1470923, -0.1470923, 0.9504668, -0.04554502, -0.04826275, -0.04826275, 25.63513, 12.81756, -0.1674311, 0.3560098, 0.3560098, -0.8476326, 54.38741, 67.98427, 0.6136685, 0.01466413, 0.01466413, 0.7892914, 35.29961, 44.12452, -0.05064037, 0, 0, 0.998717, 68.29955, 85.37443, 0.01663447, -0.009286542, -0.009286542, 0.9997754, 23.89827, 29.87284, 0.5018065, -0.02409027, -0.02409027, 0.8643088, 0, 0, 0, 1, 0, 0, 0
Unnamed, 439.3002, 10.81748, 0.03198094, 4, fist, 183.691, 285.1263, 0, 5.80542, 23.34517, 14.31889, 0.1530031, 0.3077642, 0.3077642, 0.8872162, 39.11606, 74.57812, 0.5182459, 0.09200748, 0.09200748, 0.8452754, 39.01202, 74.53352, 0.5393953, 0.04214936, 0.04214936, 0.8399402, 38.2561, 74.9285, 0.5464108, -0.01380616, -0.01380616, 0.8372897, 38.1027, 73.67634, 0.5359957, -0.07114253, -0.07114253, 0.8382041, -0.3282456, 0.2138783, 0.2138783, 0.8948559, 0.002590597, -0.0504844, -0.0504844, 25.63513, 12.81756, -0.1674311, 0.3560098, 0.3560098, -0.8476326, 54.38741, 67.98427, 0.6136685, 0.01466413, 0.01466413, 0.7892914, 35.29961, 44.12452, -0.05064037, 0, 0, 0.998717, 68.29955, 85.37443, 0.01663447, -0.009286542, -0.009286542, 0.9997754, 23.89827, 29.87284, 0.5018065, -0.02409027, -0.02409027, 0.8643088, 0, 0, 0, 1, 0, 0, 0
Unnamed, 439.3002, 12.09387, 0.1521792, 6, fist, 183.691, 285.1263, 0, 5.80542, 26.10004, 20.52875, 0.130886, 0.3180643, 0.3180643, 0.8834813, 37.6086, 73.3897, 0.5608221, 0.07340765, 0.07340765, 0.8214021, 37.15381, 73.10047, 0.565062, 0.03603594, 0.03603594, 0.823473, 37.2209, 75.2235, 0.5787786, -0.01798625, -0.01798625, 0.815088, 37.39687, 74.67825, 0.5707447, -0.06832726, -0.06832726, 0.8154222, -0.3326704, 0.05878402, 0.05878402, 0.9393718, -0.01821142, -0.05031735, -0.05031735, 25.63513, 12.81756, -0.1674311, 0.3560098, 0.3560098, -0.8476326, 54.38741, 67.98427, 0.6136685, 0.01466413, 0.01466413, 0.7892914, 35.29961, 44.12452, -0.05064037, 0, 0, 0.998717, 68.29955, 85.37443, 0.01663447, -0.009286542, -0.009286542, 0.9997754, 23.89827, 29.87284, 0.5018065, -0.02409027, -0.02409027, 0.8643088, 0, 0, 0, 1, 0, 0, 0
Unnamed, 439.3002, 13.79948, 0.01847955, 16, custom1, 183.691, 285.1263, 0, 5.80542, 24.72684, 26.55865, 0.08212716, 0.346151, 0.346151, 0.8681096, 28.06088, 51.08381, 0.5077363, 0.0578179, 0.0578179, 0.8576236, 29.984, 56.23639, 0.5350816, 0.02955285, 0.02955285, 0.8437659, 37.82534, 77.93363, 0.6385446, -0.01990806, -0.01990806, 0.7690697, 38.84369, 81.02889, 0.6393659, -0.031919, -0.031919, 0.7675765, -0.1526971, 0.1517824, 0.1517824, 0.9646802, 0.00312411, -0.06517252, -0.06517252, 25.63513, 12.81756, -0.1674311, 0.3560098, 0.3560098, -0.8476326, 54.38741, 67.98427, 0.6136685, 0.01466413, 0.01466413, 0.7892914, 35.29961, 44.12452, -0.05064037, 0, 0, 0.998717, 68.29955, 85.37443, 0.01663447, -0.009286542, -0.009286542, 0.9997754, 23.89827, 29.87284, 0.5018065, -0.02409027, -0.02409027, 0.8643088, 0, 0, 0, 1, 0, 0, 0
Unnamed, 439.3002, 15.2739, 0.04651358, 7, fist, 183.691, 285.1263, 0, 5.80542, 25.68819, 18.87427, 0.1708677, 0.3056838, 0.3056838, 0.8853921, 40.57782, 76.73742, 0.5351613, 0.0603901, 0.0603901, 0.8404217, 40.52831, 76.1041, 0.545002, 0.01626245, 0.01626245, 0.8381193, 40.62009, 75.24163, 0.5591127, -0.03130934, -0.03130934, 0.8279085, 40.06935, 73.94381, 0.5527658, -0.08423986, -0.08423986, 0.8247771, -0.3428572, -0.03837625, -0.03837625, 0.9378185, -0.03538183, -0.0471127, -0.0471127, 25.63513, 12.81756, -0.1674311, 0.3560098, 0.3560098, -0.8476326, 54.38741, 67.98427, 0.6136685, 0.01466413, 0.01466413, 0.7892914, 35.29961, 44.12452, -0.05064037, 0, 0, 0.998717, 68.29955, 85.37443, 0.01663447, -0.009286542, -0.009286542, 0.9997754, 23.89827, 29.87284, 0.5018065, -0.02409027, -0.02409027, 0.8643088, 0, 0, 0, 1, 0, 0, 0
Unnamed, 439.3002, 16.78703, 0.01351664, 10, fist, 183.691, 285.1263, 0, 5.80542, 29.08233, 22.29489, 0.1343614, 0.311351, 0.311351, 0.887732, 39.51108, 79.0619, 0.5722924, 0.05706439, 0.05706439, 0.8160691, 39.77569, 80.30081, 0.5772542, 0.02111869, 0.02111869, 0.8160182, 40.22666, 80.3397, 0.5730625, -0.03167235, -0.03167235, 0.8182867, 40.19586, 79.04076, 0.5599338, -0.08870307, -0.08870307, 0.8189858, -0.3457769, -0.1329551, -0.1329551, 0.9192846, -0.06402157, -0.03717813, -0.03717813, 25.63513, 12.81756, -0.1674311, 0.3560098, 0.3560098, -0.8476326, 54.38741, 67.98427, 0.6136685, 0.01466413, 0.01466413, 0.7892914, 35.29961, 44.12452, -0.05064037, 0, 0, 0.998717, 68.29955, 85.37443, 0.01663447, -0.009286542, -0.009286542, 0.9997754, 23.89827, 29.87284, 0.5018065, -0.02409027, -0.02409027, 0.8643088, 0, 0, 0, 1, 0, 0, 0
Unnamed, 439.3002, 18.89055, 0.0462874, 14, custom1, 183.691, 285.1263, 0, 5.80542, 31.54375, 32.56092, 0.03082063, 0.359216, 0.359216, 0.8608007, 25.31477, 50.21634, 0.5857891, 0.06139186, 0.06139186, 0.8057997, 23.51122, 50.45037, 0.612426, 0.0399038, 0.0399038, 0.7885112, 35.72959, 77.22053, 0.6820377, -0.01188987, -0.01188987, 0.7311237, 36.4439, 79.38943, 0.6707419, -0.04543446, -0.04543446, 0.7389025, -0.1544122, -0.05487686, -0.05487686, 0.9849538, -0.03509539, -0.07731318, -0.07731318, 25.63513, 12.81756, -0.1674311, 0.3560098, 0.3560098, -0.8476326, 54.38741, 67.98427, 0.6136685, 0.01466413, 0.01466413, 0.7892914, 35.29961, 44.12452, -0.05064037, 0, 0, 0.998717, 68.29955, 85.37443, 0.01663447, -0.009286542, -0.009286542, 0.9997754, 23.89827, 29.87284, 0.5018065, -0.02409027, -0.02409027, 0.8643088, 0, 0, 0, 1, 0, 0, 0
Unnamed, 439.3002, 19.86798, 0.08769564, 13, custom1, 183.691, 285.1263, 0, 5.80542, 33.4094, 33.89982, -0.004154282, 0.3667157, 0.3667157, 0.8549983, 32.26622, 59.59603, 0.5890767, 0.06301028, 0.06301028, 0.8031489, 30.0051, 60.84904, 0.6193992, 0.04392156, 0.04392156, 0.7826151, 37.19085, 79.06362, 0.6718733, -0.008523118, -0.008523118, 0.740568, 37.83391, 81.11366, 0.6538792, -0.01971882, -0.01971882, 0.756085, -0.1593883, -0.1461596, -0.1461596, 0.9653342, -0.06603853, -0.07823744, -0.07823744, 25.63513, 12.81756, -0.1674311, 0.3560098, 0.3560098, -0.8476326, 54.38741, 67.98427, 0.6136685, 0.01466413, 0.01466413, 0.7892914, 35.29961, 44.12452, -0.05064037, 0, 0, 0.998717, 68.29955, 85.37443, 0.01663447, -0.009286542, -0.009286542, 0.9997754, 23.89827, 29.87284, 0.5018065, -0.02409027, -0.02409027, 0.8643088, 0, 0, 0, 1, 0, 0, 0
Unnamed, 439.3002, 21.24301, 0.09297894, 5, fist, 183.691, 285.1263, 0, 5.80542, 25.63397, 19.05414, 0.172134, 0.3187655, 0.3187655, 0.8758693, 40.22801, 74.52803, 0.5160663, 0.06057542, 0.06057542, 0.852254, 39.63653, 73.63132, 0.5356745, 0.01647551, 0.01647551, 0.8441031, 39.87595, 75.32787, 0.5571752, -0.03089428, -0.03089428, 0.8292448, 39.59638, 75.14568, 0.5527648, -0.0798212, -0.0798212, 0.8256563, -0.3132753, 0.1488643, 0.1488643, 0.9260332, -0.01227362, -0.06416403, -0.06416403, 25.63513, 12.81756, -0.1674311, 0.3560098, 0.3560098, -0.8476326, 54.38741, 67.98427, 0.6136685, 0.01466413, 0.01466413, 0.7892914, 35.29961, 44.12452, -0.05064037, 0, 0, 0.998717, 68.29955, 85.37443, 0.01663447, -0.009286542, -0.009286542, 0.9997754, 23.89827, 29.87284, 0.5018065, -0.02409027, -0.02409027, 0.8643088, 0, 0, 0, 1, 0, 0, 0
Unnamed, 439.3002, 22.66798, 0.03956149, 0, custom1, 183.691, 285.1263, 0, 5.80542, 27.0133, 23.34444, 0.1181803, 0.3242732, 0.3242732, 0.8807538, 37.64587, 65.98987, 0.462836, 0.04836165, 0.04836165, 0.8838016, 37.63245, 67.24074, 0.4962975, 0.0120675, 0.0120675, 0.8679848, 38.43775, 75.45003, 0.5651219, -0.03190291, -0.03190291, 0.8237728, 38.33531, 77.13925, 0.5673352, -0.06448727, -0.06448727, 0.8184214, -0.2524469, -0.05255385, -0.05255385, 0.9647522, -0.04489806, -0.06528547, -0.06528547, 25.63513, 12.81756, -0.1674311, 0.3560098, 0.3560098, -0.8476326, 54.38741, 67.98427, 0.6136685, 0.01466413, 0.01466413, 0.7892914, 35.29961, 44.12452, -0.05064037, 0, 0, 0.998717, 68.29955, 85.37443, 0.01663447, -0.009286542, -0.009286542, 0.9997754, 23.89827, 29.87284, 0.5018065, -0.02409027, -0.02409027, 0.8643088, 0, 0, 0, 1, 0, 0, 0
Unnamed, 439.3002, 24.47371, 0.1180979, 15, custom1, 183.691, 285.1263, 0, 5.80542, 29.04592, 30.95004, 0.04656227, 0.3634999, 0.3634999, 0.8564857, 23.93097, 48.35923, 0.585771, 0.06440891, 0.06440891, 0.8053418, 24.01517, 50.8712, 0.6078985, 0.0459644, 0.0459644, 0.7913495, 36.06294, 79.386, 0.6847891, -0.005224943, -0.005224943, 0.7287039, 37.29391, 81.37769, 0.6733272, -0.03190372, -0.03190372, 0.7379667, -0.1632471, 0.04645492, 0.04645492, 0.9843954, 0.0008819997, -0.1029804, -0.1029804, 25.63513, 12.81756, -0.1674311, 0.3560098, 0.3560098, -0.8476326, 54.38741, 67.98427, 0.6136685, 0.01466413, 0.01466413, 0.7892914, 35.29961, 44.12452, -0.05064037, 0, 0, 0.998717, 68.29955, 85.37443, 0.01663447, -0.009286542, -0.009286542, 0.9997754, 23.89827, 29.87284, 0.5018065, -0.02409027, -0.02409027, 0.8643088, 0, 0, 0, 1, 0, 0, 0
Unnamed, 439.3002, 26.62717, 0.06312747, 12, custom1, 183.691, 285.1263, 0, 5.80542, 27.72822, 23.37276, 0.1293354, 0.315956, 0.315956, 0.8852209, 40.60857, 70.68778, 0.4570195, 0.05338067, 0.05338067, 0.8862473, 40.1131, 72.12064, 0.4786577, 0.01057244, 0.01057244, 0.8778743, 40.92918, 78.43931, 0.5530543, -0.03063411, -0.03063411, 0.8320181, 40.48556, 79.7785, 0.5495185, -0.07875063, -0.07875063, 0.8280254, -0.1979568, -0.2505685, -0.2505685, 0.9139169, -0.1232167, -0.0951494, -0.0951494, 25.63513, 12.81756, -0.1674311, 0.3560098, 0.3560098, -0.8476326, 54.38741, 67.98427, 0.6136685, 0.01466413, 0.01466413, 0.7892914, 35.29961, 44.12452, -0.05064037, 0, 0, 0.998717, 68.29955, 85.37443, 0.01663447, -0.009286542, -0.009286542, 0.9997754, 23.89827, 29.87284, 0.5018065, -0.02409027, -0.02409027, 0.8643088, 0, 0, 0, 1, 0, 0, 0
Unnamed, 439.3002, 29.15395, 0.02012603, 9, fist, 183.691, 285.1263, 0, 5.80542, 19.42625, 16.76857, 0.1736782, 0.2681377, 0.2681377, 0.9088676, 41.68231, 79.47824, 0.5447932, 0.06335949, 0.06335949, 0.8337696, 41.82627, 79.42531, 0.5311334, 0.01505751, 0.01505751, 0.8470206, 41.41728, 78.59388, 0.5138891, -0.041377, -0.041377, 0.8558586, 40.93016, 77.56116, 0.4882944, -0.1146853, -0.1146853, 0.8574749, -0.3863389, -0.1976649, -0.1976649, 0.8789764, -0.1291089, -0.07686216, -0.07686216, 25.63513, 12.81756, -0.1674311, 0.3560098, 0.3560098, -0.8476326, 54.38741, 67.98427, 0.6136685, 0.01466413, 0.01466413, 0.7892914, 35.29961, 44.12452, -0.05064037, 0, 0, 0.998717, 68.29955, 85.37443, 0.01663447, -0.009286542, -0.009286542, 0.9997754, 23.89827, 29.87284, 0.5018065, -0.02409027, -0.02409027, 0.8643088, 0, 0, 0, 1, 0, 0, 0
Unnamed, 439.3002, 30.59509, 0.1284478, 11, custom1, 183.691, 285.1263, 0, 5.80542, 25.83622, 18.72029, 0.1387715, 0.3000922, 0.3000922, 0.8947803, 42.15253, 76.78419, 0.5005016, 0.06964945, 0.06964945, 0.860114, 41.73177, 76.82207, 0.5100294, 0.02130339, 0.02130339, 0.8596293, 41.97467, 77.62962, 0.5054875, -0.02931065, -0.02931065, 0.8618377, 41.66778, 76.51346, 0.4893644, -0.09247407, -0.09247407, 0.8622179, -0.2757947, -0.2218107, -0.2218107, 0.9085909, -0.1199561, -0.08389299, -0.08389299, 25.63513, 12.81756, -0.1674311, 0.3560098, 0.3560098, -0.8476326, 54.38741, 67.98427, 0.6136685, 0.01466413, 0.01466413, 0.7892914, 35.29961, 44.12452, -0.05064037, 0, 0, 0.998717, 68.29955, 85.37443, 0.01663447, -0.009286542, -0.009286542, 0.9997754, 23.89827, 29.87284, 0.5018065, -0.02409027, -0.02409027, 0.8643088, 0, 0, 0, 1, 0, 0, 0
Unnamed, 439.3002, 32.8316, 0.1525313, 17, custom1, 183.691, 285.1263, 0, 5.80542, 26.64074, 29.46857, 0.02571047, 0.372144, 0.372144, 0.8499157, 28.87803, 53.6761, 0.5133576, 0.06618933, 0.06618933, 0.8530545, 31.15679, 58.1302, 0.5551282, 0.04208656, 0.04208656, 0.8296325, 37.95044, 77.49644, 0.6322075, -0.000295964, -0.000295964, 0.774799, 40.42455, 82.48623, 0.6340892, -0.01072769, -0.01072769, 0.773111, -0.1654993, 0.228792, 0.228792, 0.9316214, -0.01438897, -0.0874918, -0.0874918, 25.63513, 12.81756, -0.1674311, 0.3560098, 0.3560098, -0.8476326, 54.38741, 67.98427, 0.6136685, 0.01466413, 0.01466413, 0.7892914, 35.29961, 44.12452, -0.05064037, 0, 0, 0.998717, 68.29955, 85.37443, 0.01663447, -0.009286542, -0.009286542, 0.9997754, 23.89827, 29.87284, 0.5018065, -0.02409027, -0.02409027, 0.8643088, 0, 0, 0, 1, 0, 0, 0
Unnamed, 439.3002, 34.47173, 0.1757965, 2, custom1, 183.691, 285.1263, 0, 5.80542, 24.83472, 19.05733, 0.104459, 0.3417167, 0.3417167, 0.8692225, 36.48615, 63.65016, 0.4486789, 0.07421133, 0.07421133, 0.8875092, 36.36039, 66.0621, 0.5027721, 0.02550226, 0.02550226, 0.8636663, 37.44662, 72.34682, 0.5579316, -0.01709801, -0.01709801, 0.8295346, 37.88999, 75.01431, 0.5562795, -0.05108437, -0.05108437, 0.827849, -0.2341655, 0.1408003, 0.1408003, 0.9515867, -0.02099275, -0.07562368, -0.07562368, 25.63513, 12.81756, -0.1674311, 0.3560098, 0.3560098, -0.8476326, 54.38741, 67.98427, 0.6136685, 0.01466413, 0.01466413, 0.7892914, 35.29961, 44.12452, -0.05064037, 0, 0, 0.998717, 68.29955, 85.37443, 0.01663447, -0.009286542, -0.009286542, 0.9997754, 23.89827, 29.87284, 0.5018065, -0.02409027, -0.02409027, 0.8643088, 0, 0, 0, 1, 0, 0, 0
Unnamed, 439.3002, 35.59827, 0.1612427, 1, custom1, 183.691, 285.1263, 0, 5.80542, 24.31224, 20.57511, 0.1294095, 0.333149, 0.333149, 0.8725117, 35.91114, 64.07229, 0.4866104, 0.05713946, 0.05713946, 0.8698739, 35.30536, 65.21931, 0.5167337, 0.01607946, 0.01607946, 0.8558441, 39.15664, 72.21017, 0.5610498, -0.02596218, -0.02596218, 0.8269674, 38.66281, 73.24979, 0.5613309, -0.06639136, -0.06639136, 0.8222482, -0.2676349, 0.04943537, 0.04943537, 0.9609807, -0.03282581, -0.0766893, -0.0766893, 25.63513, 12.81756, -0.1674311, 0.3560098, 0.3560098, -0.8476326, 54.38741, 67.98427, 0.6136685, 0.01466413, 0.01466413, 0.7892914, 35.29961, 44.12452, -0.05064037, 0, 0, 0.998717, 68.29955, 85.37443, 0.01663447, -0.009286542, -0.009286542, 0.9997754, 23.89827, 29.87284, 0.5018065, -0.02409027, -0.02409027, 0.8643088, 0, 0, 0, 1, 0, 0, 0
Unnamed, 275.4026, 1.589634, 0.05079458, 7, custom1, 111.9844, 162.1468, 16.09122, 0, 15.23527, 18.67608, 0.1460818, 0.2415826, 0.2415826, 0.928405, 15.10529, 18.35609, 0.1730296, 0.06569703, 0.06569703, 0.9805247, 12.55504, 18.45793, 0.2643117, -0.003261028, -0.003261028, 0.9644263, 14.3957, 18.78955, 0.2476764, -0.06167866, -0.06167866, 0.9649082, 11.15533, 13.18789, 0.04368536, -0.3062337, -0.3062337, 0.9002963, -0.3673497, -0.04764598, -0.04764598, 0.9276389, -0.03264929, -0.01866916, -0.01866916, 4.762005, 2.381003, -0.2554617, 0.05982396, 0.05982396, -0.9631104, 26.32573, 32.90717, 0.5543712, 0.0863879, 0.0863879, 0.8232538, 25.79255, 32.24069, 0.1923107, 0, 0, 0.9813341, 30.49409, 38.11762, 0.4242379, -0.04725259, -0.04725259, 0.9030817, 17.26816, 21.58521, 0.253072, -0.1492919, -0.1492919, 0.9441285, 0, 0, 0, 1, 0, 0, 0
Unnamed, 275.4026, 2.9816, 0.0434177, 11, custom1, 111.9844, 162.1468, 16.09122, 0, 13.88353, 16.88345, 0.1512179, 0.253655, 0.253655, 0.9211143, 13.02045, 17.54044, 0.2692416, 0.08639783, 0.08639783, 0.9552904, 12.14543, 17.50969, 0.284019, -0.0102093, -0.0102093, 0.95871, 10.06957, 16.42294, 0.255786, -0.0743142, -0.0743142, 0.9610038, 11.09146, 13.26528, 0.1517507, -0.3021714, -0.3021714, 0.8912669, -0.2945083, -0.2289095, -0.2289095, 0.8991473, -0.09278089, -0.03057274, -0.03057274, 4.762005, 2.381003, -0.2554617, 0.05982396, 0.05982396, -0.9631104, 26.32573, 32.90717, 0.5543712, 0.0863879, 0.0863879, 0.8232538, 25.79255, 32.24069, 0.1923107, 0, 0, 0.9813341, 30.49409, 38.11762, 0.4242379, -0.04725259, -0.04725259, 0.9030817, 17.26816, 21.58521, 0.253072, -0.1492919, -0.1492919, 0.9441285, 0, 0, 0, 1, 0, 0, 0
Unnamed, 275.4026, 5.549716, 0.07684513, 4, custom1, 111.9844, 162.1468, 16.09122, 0, 13.00065, 20.08717, 0.1803009, 0.1977949, 0.1977949, 0.9429984, 11.59967, 20.23955, 0.1323738, 0.06184108, 0.06184108, 0.9873341, 13.7949, 18.33899, 0.1977034, 0.01457738, 0.01457738, 0.9800451, 10.68281, 15.91013, 0.1035227, -0.06987054, -0.06987054, 0.9897067, 12.73216, 15.05271, 0.03036971, -0.282706, -0.282706, 0.9160962, -0.3584101, 0.2136095, 0.2136095, 0.883337, 0.005706616, -0.02652988, -0.02652988, 4.762005, 2.381003, -0.2554617, 0.05982396, 0.05982396, -0.9631104, 26.32573, 32.90717, 0.5543712, 0.0863879, 0.0863879, 0.8232538, 25.79255, 32.24069, 0.1923107, 0, 0, 0.9813341, 30.49409, 38.11762, 0.4242379, -0.04725259, -0.04725259, 0.9030817, 17.26816, 21.58521, 0.253072, -0.1492919, -0.1492919, 0.9441285, 0, 0, 0, 1, 0, 0, 0
Unnamed, 275.4026, 6.94067, 0.01863668, 8, custom1, 111.9844, 162.1468, 16.09122, 0, 18.42077, 23.66094, 0.1076062, 0.2500118, 0.2500118, 0.9291981, 12.58831, 16.50423, 0.141277, 0.06250627, 0.06250627, 0.9860156, 12.90857, 17.90938, 0.2320003, -0.004446218, -0.004446218, 0.9726954, 11.48662, 17.56548, 0.1892662, -0.08120927, -0.08120927, 0.9751863, 10.64355, 12.52692, 0.08129708, -0.3028645, -0.3028645, 0.899965, -0.2913825, -0.1547374, -0.1547374, 0.9312406, -0.06206985, -0.03013945, -0.03013945, 4.762005, 2.381003, -0.2554617, 0.05982396, 0.05982396, -0.9631104, 26.32573, 32.90717, 0.5543712, 0.0863879, 0.0863879, 0.8232538, 25.79255, 32.24069, 0.1923107, 0, 0, 0.9813341, 30.49409, 38.11762, 0.4242379, -0.04725259, -0.04725259, 0.9030817, 17.26816, 21.58521, 0.253072, -0.1492919, -0.1492919, 0.9441285, 0, 0, 0, 1, 0, 0, 0
Unnamed, 275.4026, 9.194365, 0.1135981, 17, custom1, 111.9844, 162.1468, 16.09122, 0, 18.83258, 21.6199, 0.1919203, 0.2099604, 0.2099604, 0.9354143, 10.61272, 17.54501, 0.1851652, 0.0661728, 0.0661728, 0.9782414, 12.2479, 15.4594, 0.2096807, -0.003933586, -0.003933586, 0.9777541, 16.60897, 26.80994, 0.2825975, -0.06590687, -0.06590687, 0.9546996, 11.03532, 10.72124, 0.03483153, -0.3110456, -0.3110456, 0.8973784, -0.1430344, 0.2212361, 0.2212361, 0.9389623, -0.001962118, -0.06546384, -0.06546384, 4.762005, 2.381003, -0.2554617, 0.05982396, 0.05982396, -0.9631104, 26.32573, 32.90717, 0.5543712, 0.0863879, 0.0863879, 0.8232538, 25.79255, 32.24069, 0.1923107, 0, 0, 0.9813341, 30.49409, 38.11762, 0.4242379, -0.04725259, -0.04725259, 0.9030817, 17.26816, 21.58521, 0.253072, -0.1492919, -0.1492919, 0.9441285, 0, 0, 0, 1, 0, 0, 0
Unnamed, 275.4026, 11.56359, 0.1360905, 9, custom1, 111.9844, 162.1468, 16.09122, 0, 15.16191, 20.52368, 0.1002447, 0.270854, 0.270854, 0.9182741, 15.05228, 20.71316, 0.2097766, 0.06448293, 0.06448293, 0.9734874, 18.0991, 27.6128, 0.3064702, -0.001837291, -0.001837291, 0.9518767, 13.72879, 20.38932, 0.2034451, -0.07484859, -0.07484859, 0.9733475, 11.40703, 15.62552, 0.0830686, -0.2943255, -0.2943255, 0.9054527, -0.4004377, -0.2029978, -0.2029978, 0.8701917, -0.128044, -0.0175657, -0.0175657, 4.762005, 2.381003, -0.2554617, 0.05982396, 0.05982396, -0.9631104, 26.32573, 32.90717, 0.5543712, 0.0863879, 0.0863879, 0.8232538, 25.79255, 32.24069, 0.1923107, 0, 0, 0.9813341, 30.49409, 38.11762, 0.4242379, -0.04725259, -0.04725259, 0.9030817, 17.26816, 21.58521, 0.253072, -0.1492919, -0.1492919, 0.9441285, 0, 0, 0, 1, 0, 0, 0
Unnamed, 275.4026, 13.30259, 0.03226035, 3, custom1, 111.9844, 162.1468, 16.09122, 0, 22.59614, 23.3285, 0.1693359, 0.2248582, 0.2248582, 0.9328467, 18.08946, 11.24528, 0.1088385, 0.05247994, 0.05247994, 0.991285, 13.48337, 20.3812, 0.150636, -0.00338376, -0.00338376, 0.9885777, 11.53816, 21.90732, 0.1980241, -0.05990444, -0.05990444, 0.9765292, 12.21453, 13.941, 0.009721951, -0.2590812, -0.2590812, 0.9304082, -0.2409219, 0.2211164, 0.2211164, 0.9187882, 0.001548, -0.04207319, -0.04207319, 4.762005, 2.381003, -0.2554617, 0.05982396, 0.05982396, -0.9631104, 26.32573, 32.90717, 0.5543712, 0.0863879, 0.0863879, 0.8232538, 25.79255, 32.24069, 0.1923107, 0, 0, 0.9813341, 30.49409, 38.11762, 0.4242379, -0.04725259, -0.04725259, 0.9030817, 17.26816, 21.58521, 0.253072, -0.1492919, -0.1492919, 0.9441285, 0, 0, 0, 1, 0, 0, 0
Unnamed, 534.0109, 15.29108, 0.1116118, 0, grab, 161.72, 354.7751, 0.9241123, 0, 23.20633, 23.89844, 0.1355942, 0.3415485, 0.3415485, 0.8650454, 32.84011, 35.57777, -0.1060072, 0.07216557, 0.07216557, 0.9891141, 31.696, 35.11284, -0.09666875, -0.03839199, -0.03839199, 0.9938347, 34.90443, 51.03839, 0.1515867, -0.1088531, -0.1088531, 0.9763829, 29.8244, 45.28029, 0.1851266, -0.2202417, -0.2202417, 0.932049, -0.2899231, -0.06946482, -0.06946482, 0.9519947, -0.05853589, -0.05473879, -0.05473879, 39.74047, 19.87024, 0.03693102, 0.1482969, 0.1482969, -0.9770631, 59.70734, 74.63418, 0.5872458, 0.04205319, 0.04205319, 0.8072208, 38.20286, 47.75358, 0.3733997, 0, 0, 0.9276706, 4.68895, 5.861188, 0.2486641, -0.02519579, -0.02519579, 0.9679342, 62.81438, 78.51797, 0.2006327, -0.07617728, -0.07617728, 0.9737251, 0, 0, 0, 1, 0, 0, 0
Unnamed, 534.0109, 17.90897, 0.08325202, 10, custom1, 161.72, 354.7751, 0.9241123, 0, 16.40115, 14.03351, 0.1321947, 0.2852014, 0.2852014, 0.9054529, 37.21675, 41.78897, -0.01411048, 0.08800843, 0.08800843, 0.992124, 36.23751, 40.92695, -0.1036701, -0.0163605, -0.0163605, 0.9943426, 31.851, 37.94711, -0.05089349, -0.08006982, -0.08006982, 0.9922639, 32.08281, 39.52702, 0.01281226, -0.2463347, -0.2463347, 0.9372696, -0.4033322, -0.1262379, -0.1262379, 0.8974693, -0.0846654, -0.05374378, -0.05374378, 39.74047, 19.87024, 0.03693102, 0.1482969, 0.1482969, -0.9770631, 59.70734, 74.63418, 0.5872458, 0.04205319, 0.04205319, 0.8072208, 38.20286, 47.75358, 0.3733997, 0, 0, 0.9276706, 4.68895, 5.861188, 0.2486641, -0.02519579, -0.02519579, 0.9679342, 62.81438, 78.51797, 0.2006327, -0.07617728, -0.07617728, 0.9737251, 0, 0, 0, 1, 0, 0, 0
Unnamed, 534.0109, 19.25048, 0.1420037, 16, grab, 161.72, 354.7751, 0.9241123, 0, 31.28013, 24.27999, 0.1305713, 0.3546494, 0.3546494, 0.8552186, 59.18605, 71.27693, -0.1187387, 0.04899805, 0.04899805, 0.9905047, 56.9766, 66.36878, -0.125929, -0.07309587, -0.07309587, 0.9866387, 48.66049, 64.00761, -0.007738501, -0.1310246, -0.1310246, 0.9826521, 44.13622, 60.79448, 0.05973358, -0.2514034, -0.2514034, 0.9327511, -0.1545264, 0.1363582, 0.1363582, 0.9689863, -0.005696855, -0.07461432, -0.07461432, 39.74047, 19.87024, 0.03693102, 0.1482969, 0.1482969, -0.9770631, 59.70734, 74.63418, 0.5872458, 0.04205319, 0.04205319, 0.8072208, 38.20286, 47.75358, 0.3733997, 0, 0, 0.9276706, 4.68895, 5.861188, 0.2486641, -0.02519579, -0.02519579, 0.9679342, 62.81438, 78.51797, 0.2006327, -0.07617728, -0.07617728, 0.9737251, 0, 0, 0, 1, 0, 0, 0
Unnamed, 534.0109, 21.27164, 0.1530466, 7, grab, 161.72, 354.7751, 0.9241123, 0, 12.27623, 11.89638, 0.1297507, 0.2979299, 0.2979299, 0.8975747, 45.20675, 40.28952, -0.09333019, 0.07064437, 0.07064437, 0.9906101, 43.34353, 48.40338, -0.1639672, -0.04176209, -0.04176209, 0.9846962, 37.74786, 46.91388, -0.1265917, -0.1177316, -0.1177316, 0.977882, 35.14428, 42.09514, -0.06449518, -0.3064686, -0.3064686, 0.8988851, -0.3737599, -0.03169765, -0.03169765, 0.9264416, -0.07727806, -0.02419281, -0.02419281, 39.74047, 19.87024, 0.03693102, 0.1482969, 0.1482969, -0.9770631, 59.70734, 74.63418, 0.5872458, 0.04205319, 0.04205319, 0.8072208, 38.20286, 47.75358, 0.3733997, 0, 0, 0.9276706, 4.68895, 5.861188, 0.2486641, -0.02519579, -0.02519579, 0.9679342, 62.81438, 78.51797, 0.2006327, -0.07617728, -0.07617728, 0.9737251, 0, 0, 0, 1, 0, 0, 0
